"","iso2c","year","Country","emigration","country","CellphoneUsers","InternetUsers","GDPPerCapita","TotalPopulation","Poverty","UnemploymentRate","IntentionalHomocides","Corruption","GovernmentEffectiveness","PoliticalStability","RegulatoryQuality","RuleOfLaw"," VoiceAndAccountability","FertilityRate","emigration2","emigrationpercap","logemigrationpercap","logemigration"
"2","AD",2000,"Andorra",9295,"Andorra",35.9990213917644,10.53883560922,NA,65399,NA,NA,NA,1.38488280773163,1.41022336483002,1.10460090637207,1.23281216621399,1.339959025383,1.50136911869049,NA,0.09295,14212.7555467209,9.56189511831726,9.13723190015554
"6","AE",2000,"United Arab Emirates",79406,"United Arab Emirates",47.1893223260216,23.6253008751553,84974.0202553286,3050128,NA,2.29999995231628,NA,0.12831799685955,0.755073070526123,0.881976544857025,0.726429045200348,0.723018527030945,-0.543140888214111,2.644,0.79406,2603.36615381387,7.86456056118495,11.2823292111308
"10","AF",2000,"Afghanistan",4858489,"Afghanistan",0,NA,NA,19701940,NA,4.69999980926514,NA,-1.91377329826355,-2.32460141181946,-2.56841588020325,-2.18620014190674,-1.76978421211243,-1.97951710224152,7.733,48.58489,24659.9522686598,10.112935841139,15.3962380421858
"14","AG",2000,"Antigua and Barbuda",51623,"Antigua and Barbuda",28.3329899031527,6.48222573702907,15312.5663963211,77648,NA,NA,6.4,0.913646161556244,0.609903752803802,0.643760323524475,0.744381785392761,1.00840389728546,0.352624952793121,2.316,0.51623,66483.3608077478,11.104706981918,10.8517225885928
"21","AL",2000,"Albania",790279,"Albania",0.901406013044683,0.114097346552109,4248.83789070839,3089027,NA,13.5,NA,-0.824482321739197,-0.825721919536591,-0.646670937538147,-0.262939482927322,-1.24448072910309,-0.320970326662064,2.383,7.90279,25583.4280503213,10.1497000790672,13.5801413266522
"25","AM",2000,"Armenia",691134,"Armenia",0.568447429178134,1.30047002237784,2313.33193028303,3076098,NA,18.8999996185303,NA,-0.651570498943329,-0.571382462978363,-0.802953898906708,-0.134898513555527,-0.460583806037903,-0.413832694292068,1.688,6.91134,22467.8797619582,10.019842002114,13.4460890058018
"29","AO",2000,"Angola",795110,"Angola",0.18532229605463,0.105045562462262,2482.66054922172,15058638,32.28,6.90000009536743,NA,-1.51669788360596,-1.46161532402039,-2.0854606628418,-1.82574391365051,-1.63314819335938,-1.4761803150177,6.844,7.9511,5280.09239613835,8.57169887581582,13.5862357488448
"33","AR",2000,"Argentina",557889,"Argentina",17.5810590485609,7.0386830862178,NA,37057453,5.7,15,7.2,-0.338503986597061,0.0565405860543251,0.0482401624321938,0.285206586122513,-0.199789315462112,0.306655138731003,2.477,5.57889,1505.47043802498,7.31686071174426,13.2319152968441
"37","AS",2000,"American Samoa",3619,"American Samoa",3.46302284343382,NA,NA,57522,NA,NA,NA,NA,NA,NA,NA,NA,NA,NA,0.03619,6291.505858628,8.74695572622892,8.19395302356374
"41","AT",2000,"Austria",478358,"Austria",76.2693288573366,33.7301329516915,29574.163781248,8011566,NA,3.5,1,1.94971311092377,1.95089542865753,0.79394793510437,1.49374091625214,1.813481092453,1.33977591991425,1.36,4.78358,5970.84265423264,8.69464334453886,13.0781146851224
"45","AU",2000,"Australia",375848,"Australia",44.456266679862,46.7561156116738,26333.8858273582,19153000,NA,6.30000019073486,1.9,1.9564802646637,1.76605904102325,1.26030564308167,1.5970139503479,1.69608426094055,1.51477670669556,1.756,3.75848,1962.34532449225,7.5818956310051,12.8369400853197
"49","AW",2000,"Aruba",10492,"Aruba",16.5092782143565,15.4428229480349,NA,90858,NA,NA,NA,NA,NA,NA,NA,NA,NA,1.874,0.10492,11547.6898016685,9.35424067877228,9.25836834098676
"53","AZ",2000,"Azerbaijan",1515884,"Azerbaijan",5.17878001050046,0.147757575623251,3534.32912410323,8048600,NA,11.8000001907349,2.8,-1.09498631954193,-0.984922230243683,-0.92818409204483,-0.909352779388428,-1.11198151111603,-0.854855239391327,2,15.15884,18834.1326441866,9.84342606885006,14.2315093251065
"57","BA",2000,"Bosnia and Herzegovina",1473217,"Bosnia and Herzegovina",2.4355016894588,1.08296074971207,4399.99032649746,3792878,NA,24.8999996185303,NA,-0.487009674310684,-0.858239948749542,-0.586754143238068,-0.479806900024414,-0.639113247394562,-0.253896504640579,1.381,14.73217,38841.6658801048,10.5672488123224,14.2029590029923
"61","BB",2000,"Barbados",93018,"Barbados",10.654216100902,3.97367835457927,11519.5956214274,269838,NA,9.30000019073486,7.5,1.38488280773163,1.41022336483002,1.0486820936203,1.26384544372559,1.34321653842926,1.41176426410675,1.768,0.93018,34471.7941876237,10.4478967088562,11.4405483017944
"65","BD",2000,"Bangladesh",5695075,"Bangladesh",0.210751713972306,0.0710394230507683,1304.44234923524,131280739,59.97,3.29999995231628,2.5,-0.942745208740234,-0.562537968158722,-0.766134977340698,-0.873219013214111,-0.946418404579163,-0.314419776201248,3.12,56.95075,4338.08877325104,8.37518915527403,15.5551123242236
"69","BE",2000,"Belgium",396025,"Belgium",54.8187737500949,29.4316916924341,28218.2691752524,10251250,NA,6.59999990463257,2.1,1.45981431007385,1.77580463886261,1.04783809185028,1.18037748336792,1.28169167041779,1.38894855976105,1.67,3.96025,3863.18741616876,8.25924787719452,12.8892326195571
"73","BF",2000,"Burkina Faso",1426109,"Burkina Faso",0.217480373785401,0.0770801689426014,829.052380831359,11607944,NA,3,NA,-0.140602305531502,-0.621731400489807,-0.0131576051935554,-0.124196924269199,-0.670578598976135,-0.358566045761108,6.592,14.26109,12285.629565408,9.41618553031767,14.1704603146228
"77","BG",2000,"Bulgaria",735016,"Bulgaria",9.22441194373859,5.37092346908696,6445.30705291818,8170172,NA,16.2000007629395,NA,-0.213454633951187,-0.0424816273152828,0.348313480615616,0.204998210072517,-0.229866251349449,0.410539835691452,1.26,7.35016,8996.33447129387,9.10457249238959,13.5076475466655
"81","BH",2000,"Bahrain",49692,"Bahrain",30.7864401808335,6.15373254647607,35792.0452529983,666855,NA,6.09999990463257,NA,0.373672217130661,0.550816714763641,-0.0159222222864628,0.692279696464539,0.367883563041687,-1.10283756256104,2.765,0.49692,7451.69489619183,8.9161967883433,10.8135992333336
"85","BI",2000,"Burundi",726814,"Burundi",0.244520537477717,0.077248447383456,565.357928717445,6767073,NA,7.30000019073486,NA,-1.01455760002136,-1.44269251823425,-2.15137028694153,-1.22229444980621,-1.56006181240082,-1.63042998313904,7.057,7.26814,10740.4486400546,9.28177214000739,13.4964258778393
"89","BJ",2000,"Benin",338435,"Benin",0.798288649640845,0.225247851473369,1209.10153711038,6949366,NA,0.800000011920929,NA,-0.492769420146942,-0.266056954860687,0.720592319965363,-0.207503423094749,-0.265280604362488,0.360479116439819,5.975,3.38435,4870.01260258849,8.4908518038738,12.7320873292619
"93","BM",2000,"Bermuda",12126,"Bermuda",20.6884478889826,42.9498600152711,40535.2079875028,61833,NA,NA,0,1.38488280773163,1.14345014095306,0.643760323524475,1.47702729701996,1.22288191318512,0.876798272132874,1.74,0.12126,19610.8873902285,9.8838401700905,9.40310718663168
"97","BN",2000,"Brunei Darussalam",46136,"Brunei Darussalam",28.6316195550948,8.99628453448726,59253.6770379152,330554,NA,4,NA,0.387102693319321,0.883726000785828,1.23995649814606,0.936614632606506,0.499346852302551,-0.769605875015259,2.401,0.46136,13957.1749245207,9.54374898653325,10.7393488352952
"101","BO",2000,"Bolivia (Plurinational State of)",343843,"Bolivia",6.85816850339442,1.4427635847914,3496.16676111487,8339512,29.67,4.80000019073486,NA,-0.372675478458405,-0.332437574863434,-0.306446611881256,0.0852347165346146,-0.42317059636116,0.0642936751246452,4.14,3.43843,4123.05899913568,8.32435064236335,12.7479404368266
"105","BR",2000,"Brazil",975986,"Brazil",13.2879771661194,2.87068515854108,9017.7941614644,175786441,NA,9.5,NA,0.0235280524939299,0.0529489740729332,0.177808657288551,0.367503255605698,-0.302291750907898,0.150481402873993,2.364,9.75986,555.211195156969,6.31934857317692,13.7912035210301
"109","BS",2000,"Bahamas",35595,"Bahamas, The",10.5870855289009,8,20486.8372224785,297891,NA,7.19999980926514,24.9,1.38565635681152,1.24676954746246,1.18878030776978,1.13294041156769,1.25294554233551,1.15841674804688,2.071,0.35595,11949.0014804073,9.38840299574357,10.479960457538
"113","BT",2000,"Bhutan",113411,"Bhutan",0,0.40094444691941,2850.81597236478,564187,NA,1.70000004768372,3.2,0.384494721889496,0.777606308460236,0.412910044193268,-0.374101549386978,0.178183779120445,-0.98253321647644,3.608,1.13411,20101.6684184499,9.9085580964954,11.6387736673351
"117","BW",2000,"Botswana",25431,"Botswana",12.6576942248807,2.90266662177209,8212.67718710664,1736579,NA,22.1000003814697,NA,0.666224420070648,0.510248184204102,0.955815434455872,0.644494712352753,0.530090570449829,0.644347071647644,3.413,0.25431,1464.43093000664,7.2892220023059,10.1437241812765
"121","BY",2000,"Belarus",1805053,"Belarus",0.494446704189567,1.86039812615388,5785.87421107449,10005000,1.99,6.40000009536743,10.1,-0.503182411193848,-0.647778272628784,0.0583451464772224,-1.75270593166351,-1.01941001415253,-1.34540605545044,1.31,18.05053,18041.5092453773,9.80043045116918,14.4061005121989
"125","BZ",2000,"Belize",48862,"Belize",7.04651572179424,5.96383530272428,5517.29753316079,247312,NA,10.8999996185303,17.2,-0.195568054914474,-0.0121485758572817,0.105227798223495,-0.031998336315155,0.05090157315135,0.944929778575897,3.594,0.48862,19757.2297341011,9.89127476583087,10.7967552772527
"129","CA",2000,"Canada",1180709,"Canada",28.4290946227574,51.3,29075.9454241459,30769700,NA,6.80000019073486,1.6,2.23062562942505,1.95388984680176,1.10264694690704,1.48973095417023,1.6770555973053,1.59198033809662,1.49,11.80709,3837.24573200259,8.2525101309387,13.9816256634629
"133","CD",2000,"Democratic Republic of the Congo",794013,"Congo, Dem. Rep.",0.0319493962458693,0.0059021136806903,410.975951322688,48048664,NA,8.30000019073486,NA,-1.56607449054718,-1.96063697338104,-2.58555269241333,-2.11022567749023,-1.94745016098022,-1.83890545368195,7.089,7.94013,1652.51837179073,7.41005568923786,13.5848551128912
"137","CF",2000,"Central African Republic",55004,"Central African Republic",0.136519202839995,0.0533941742150456,656.536823181374,3726048,NA,7,NA,-1.18768692016602,-1.37769854068756,-1.29687166213989,-0.905516564846039,-1.49738931655884,-0.707308113574982,5.446,0.55004,1476.20213158821,7.29722794130471,10.9151611888428
"141","CG",2000,"Congo",131532,"Congo, Rep.",2.23913730517906,0.0263547320580279,3684.10005851606,3109269,NA,6.69999980926514,NA,-0.960103392601013,-1.32071459293365,-1.03433704376221,-1.245041847229,-1.43125295639038,-1.51247406005859,5.134,1.31532,4230.31908786277,8.35003270367821,11.7870054470037
"145","CH",2000,"Switzerland",360064,"Switzerland",64.7333272766019,47.1,34509.2849570951,7184250,NA,2.70000004768372,1,2.20535802841187,2.06002640724182,1.49148535728455,1.8429661989212,1.93122017383575,1.44438016414642,1.5,3.60064,5011.85231582977,8.51956084946645,12.7940370724095
"149","CI",2000,"Côte d'Ivoire",589385,"Cote d'Ivoire",2.93188436020039,0.231461670612799,2360.20634691123,16517948,NA,4.09999990463257,NA,-0.686767876148224,-0.878007352352142,-1.32343983650208,-0.544575810432434,-1.1900532245636,-1.104163646698,5.375,5.89385,3568.1490219003,8.17980225905538,13.2868348993521
"152","CK",2000,"Cook Islands",19752,"Cook Islands",NA,NA,NA,NA,NA,NA,NA,-0.274885833263397,0.0659808740019798,NA,0.359636306762695,0.660649359226227,NA,NA,0.19752,NA,NA,9.89101003102502
"156","CL",2000,"Chile",509252,"Chile",22.0100719523149,16.6,9848.90193816658,15170387,3.11,9.19999980926514,NA,1.5424120426178,1.1208131313324,0.432311415672302,1.41215884685516,1.25905120372772,0.8387211561203,2.087,5.09252,3356.88206240223,8.11876786451965,13.1406982614255
"160","CM",2000,"Cameroon",187792,"Cameroon",0.648423285879147,0.252120077733662,1905.37094601165,15927713,NA,5.90000009536743,NA,-1.05779957771301,-0.674027323722839,-0.566852390766144,-0.594935774803162,-1.22917783260345,-1.14235138893127,5.621,1.87792,1179.02676925432,7.07244460532993,12.1430902463399
"164","CN",2000,"China",5493899,"China",6.65870796169192,1.77591320677415,2915.41464525811,1262645000,NA,4.5,NA,-0.240534380078316,-0.0876306965947151,-0.274916976690292,-0.327277570962906,-0.482937604188919,-1.28544819355011,1.51,54.93899,435.110343762499,6.07559966274329,15.5191487617771
"168","CO",2000,"Colombia",1435652,"Colombia",5.65642865564335,2.207532992624,6585.33393125396,40403959,15.87,16.6000003814697,66.5,-0.4064901471138,-0.284176170825958,-1.60989129543304,0.141410052776337,-0.977958142757416,-0.558185935020447,2.64,14.35652,3553.24585890209,8.17561679117894,14.1771296593884
"172","CR",2000,"Costa Rica",107029,"Costa Rica",5.3851447021927,5.80025302331829,7588.72594968694,3925450,6.48,5.09999990463257,6.35336983756806,0.759284019470215,0.248784720897675,0.789393901824951,0.609100580215454,0.561384618282318,1.06985378265381,2.414,1.07029,2726.54090613815,7.91078901742179,11.58085510476
"176","CU",2000,"Cuba",1092579,"Cuba",0.0586797979174058,0.541182548811058,8948.60263931397,11116787,NA,5.40000009536743,NA,0.512456297874451,-0.23419526219368,0.149608179926872,-1.27960610389709,-0.935041666030884,-1.63386225700378,1.626,10.92579,9828.19046546453,9.19301011333368,13.9040515145504
"180","CV",2000,"Cape Verde",125777,"Cabo Verde",4.45927680561269,1.82244385164396,3014.57244311794,438737,NA,7.19999980926514,NA,0.127480030059814,0.302252858877182,1.12241804599762,-0.000471922481665388,0.629834830760956,0.734826028347015,3.701,1.25777,28667.971928513,10.263535817921,11.7422657766443
"184","CW",2000,"Curaçao",69645,"Curacao",NA,NA,NA,133860,NA,NA,NA,NA,NA,NA,NA,NA,NA,NA,0.69645,52028.2384580905,10.8595418974377,11.1511661891221
"188","CY",2000,"Cyprus",151529,"Cyprus",23.1450237308476,15.2553943710137,20732.1523729931,943287,NA,5,NA,1.22571003437042,1.07147395610809,0.427729904651642,1.10736382007599,0.97733348608017,1.07366120815277,1.714,1.51529,16063.9338822649,9.68433190658812,11.9285323047552
"192","CZ",2000,"Czech Republic",352970,"Czech Republic",42.3984415044177,9.78052788834393,16286.8209502626,10255063,NA,8.80000019073486,1.8,0.0786410123109818,0.622766733169556,0.256617516279221,0.728393316268921,0.600285828113556,0.680616617202759,1.15,3.5297,3441.90962064299,8.14378171862401,12.7741383464682
"196","DE",2000,"Germany",3277905,"Germany",57.7183339793647,30.2163466048889,26600.1145421289,82211508,NA,7.69999980926514,1.2,1.90208232402802,1.9084564447403,1.32461285591125,1.47391259670258,1.58745455741882,1.31985473632813,1.38,32.77905,3987.16077559361,8.29083467152283,15.0027150567799
"200","DJ",2000,"Djibouti",9389,"Djibouti",0.0318168676432139,0.194500528399956,1648.23590210767,722562,NA,NA,NA,-0.948293805122375,-1.10048115253448,-0.394232451915741,-0.729478061199188,-0.891397178173065,-0.824105679988861,4.469,0.09389,1299.40406497989,7.169661026793,9.14729407025855
"204","DK",2000,"Denmark",214030,"Denmark",63.0081245224354,39.1724308555053,29566.1862400184,5339616,NA,4.5,1.1,2.51542019844055,2.0014808177948,1.42962920665741,1.75572633743286,1.79889321327209,1.58325040340424,1.77,2.1403,4008.34067468522,8.29613263782648,12.2738714710946
"208","DM",2000,"Dominica",45265,"Dominica",1.72218315417845,8.81484419762881,6413.09226944837,69679,NA,NA,2.9,0.270417153835297,0.3896164894104,0.413340002298355,0.438210546970367,0.624582588672638,1.06657993793488,NA,0.45265,64962.1837282395,11.0815605907767,10.7202893859095
"212","DO",2000,"Dominican Republic",931626,"Dominican Republic",8.1426378794243,3.70469235587688,6379.55762390669,8562623,5.46,14.1999998092651,14,-0.623076915740967,-0.334900140762329,-0.0129936495795846,-0.138750150799751,-0.618104934692383,0.120033726096153,2.892,9.31626,10880.1473567153,9.29469506413396,13.7446867255767
"216","DZ",2000,"Algeria",1039439,"Algeria",0.27112702998088,0.491705679141589,7970.15016615566,31183658,NA,29.7999992370605,NA,-0.948723316192627,-0.961020708084106,-1.50391066074371,-0.693144202232361,-1.16672325134277,-1.2112010717392,2.514,10.39439,3333.28116925859,8.1117124339632,13.8541917024997
"220","EC",2000,"Ecuador",458956,"Ecuador",3.84751976907206,1.46218853556457,5855.63471487779,12628596,28.15,7.19999980926514,14.6,-1.00936722755432,-0.803996503353119,-0.687406003475189,-0.517102956771851,-0.692378699779511,-0.426691442728043,3.068,4.58956,3634.25989714138,8.19816076459952,13.0367096238813
"224","EE",2000,"Estonia",152067,"Estonia",40.7724960600007,28.5769538105646,9709.10646927595,1396985,1.37,13.1000003814697,10.5,0.649377882480621,0.723785102367401,0.787322580814362,1.29656600952148,0.582159876823425,0.948662757873535,1.36,1.52067,10885.3709953937,9.29517505626593,11.932076492183
"228","EG",2000,"Egypt",2288586,"Egypt, Arab Rep.",2.05619914785446,0.641265037504813,5989.31045059875,68334905,NA,9,NA,-0.391067415475845,-0.156546294689178,-0.00977584347128868,-0.350374609231949,-0.0127659328281879,-0.792545258998871,3.306,22.88586,3349.07321521849,8.11643893437025,14.6434447175701
"233","EH",2000,"Western Sahara",166106,"Sub-Saharan Africa (all income levels)",1.72136386043916,0.501116247778377,1864.98843713874,667742098,NA,8.68842548023558,NA,NA,NA,NA,NA,NA,NA,5.77982321438016,1.66106,24.8757717234716,3.21389430662258,12.0203814177666
"234","EH",2000,"Western Sahara",166106,"Sub-Saharan Africa (developing only)",1.71825259634306,0.500575950238233,1857.68908137643,667130071,NA,8.69068984793793,NA,NA,NA,NA,NA,NA,NA,5.78036918850507,1.66106,24.8985928262856,3.21481128887316,12.0203814177666
"240","ER",2000,"Eritrea",532568,"Eritrea",0,0.136711941104496,1277.34504577829,3535156,NA,7.69999980926514,NA,0.614670395851135,-1.01609921455383,-0.968781888484955,-0.943370580673218,-0.466614305973053,-1.37166774272919,5.94,5.32568,15064.9080266896,9.62012334644717,13.1854658679433
"244","ES",2000,"Spain",1324775,"Spain",60.2367316415819,13.6249608089899,21875.3907179869,40263216,NA,14.1999998092651,1.4,1.32786309719086,1.79243898391724,0.419271022081375,1.26962029933929,1.39008891582489,1.28509616851807,1.23,13.24775,3290.28610133875,8.09872980087177,14.0967531916621
"248","ET",2000,"Ethiopia",401244,"Ethiopia",0.0268946844777322,0.0152637672082567,490.727652458712,66443603,NA,7.90000009536743,NA,-0.489825010299683,-0.913588225841522,-1.006751537323,-1.16118538379669,-0.865951538085938,-1.00094592571259,6.529,4.01244,603.886577312793,6.40338639439486,12.9023250000435
"252","FI",2000,"Finland",315209,"Finland",72.0300968881955,37.2484617371121,26472.8317600208,5176209,NA,9.69999980926514,2.9,2.58561563491821,2.13405299186707,1.63041460514069,1.80595791339874,1.93751275539398,1.66274118423462,1.73,3.15209,6089.57250373777,8.71433316180948,12.6609911898577
"256","FJ",2000,"Fiji",132949,"Fiji",6.78336764627973,1.4968547339902,5110.34325658787,811223,NA,7.69999980926514,NA,0.0374245420098305,-0.541368246078491,0.214591056108475,-0.574950814247131,-0.497391909360886,-0.576460897922516,3.09,1.32949,16388.7118585149,9.70434807551412,11.7977208750182
"260","FM",2000,"Micronesia (Federated States of)",23286,"Micronesia, Fed. Sts.",0,3.73486213690137,2510.50513412881,107430,50.37,NA,NA,-0.379853755235672,-0.666536390781403,NA,-0.876406311988831,0.0617921836674213,0.989825069904327,4.3,0.23286,21675.5096341804,9.9839383139066,10.055607600597
"264","FO",2000,"Faeroe Islands",12023,"Faeroe Islands",36.5038394527973,32.916392363397,NA,46491,NA,NA,NA,NA,NA,NA,NA,NA,NA,NA,0.12023,25860.9193177174,10.1604882014897,9.39457676097491
"268","FR",2000,"France",1533846,"France",49.0640786625986,14.3079239430677,25979.1176451987,60912498,NA,10.1999998092651,1.8,1.35724151134491,1.72304236888885,0.739662766456604,0.913205564022064,1.40385162830353,1.15615093708038,1.89,15.33846,2518.11377034644,7.83126539640584,14.2432888647355
"272","GA",2000,"Gabon",16997,"Gabon",9.79170593548734,1.21614061828589,13905.8231331696,1231548,NA,20.7000007629395,NA,-0.503677427768707,-0.631027162075043,0.501017153263092,-0.143766984343529,-0.157624244689941,-0.485544919967651,4.6,0.16997,1380.13297086269,7.22993512920694,9.74079213687735
"276","GB",2000,"United Kingdom of Great Britain and Northern Ireland",3918047,"United Kingdom",73.7081181590734,26.8217543508578,27339.9928390392,58892514,NA,5.59999990463257,1.7,2.24092292785645,1.86248910427094,0.983388304710388,1.84523046016693,1.6498087644577,1.34297847747803,1.64,39.18047,6652.87781737421,8.80280479453104,15.181103873331
"280","GD",2000,"Grenada",57877,"Grenada",4.23145050186971,4.06390799146313,7648.87122771772,101620,NA,NA,14.8,0.476204186677933,0.348052203655243,0.905044734477997,0.419958740472794,0.338741838932037,0.691951990127563,2.582,0.57877,56954.3396969101,10.9500051678494,10.9660753480269
"284","GE",2000,"Georgia",913777,"Georgia",4.10534972344791,0.484746298540492,2590.83864517948,4418300,19.43,10.8000001907349,5,-0.877600014209747,-0.725712478160858,-0.989189445972443,-0.394758313894272,-1.11930286884308,-0.30349862575531,1.609,9.13777,20681.642260598,9.93700173845762,13.7253418381732
"287","GF",2000,"French Guiana",3844,"French Guiana",NA,NA,NA,NA,NA,NA,NA,0.913646161556244,0.876676976680756,-0.0475006550550461,0.988596975803375,0.954928576946259,0.441839396953583,NA,0.03844,NA,NA,8.25426877009018
"291","GH",2000,"Ghana",492200,"Ghana",0.690808845285485,0.153615297625799,1801.41459718939,18824994,NA,10.3999996185303,NA,-0.0718433931469917,0.0209759343415499,-0.439853817224503,-0.102603428065777,0.0936741977930069,-0.078311525285244,4.669,4.922,2614.60906707328,7.86886986898424,13.1066404169391
"295","GL",2000,"Greenland",13817,"Greenland",26.905685904511,31.7478112321162,NA,56200,NA,NA,23.1,NA,NA,NA,NA,NA,NA,2.308,0.13817,24585.409252669,10.1099084261451,9.53365499705667
"299","GM",2000,"Gambia",42488,"Gambia, The",0.455705802843767,0.921794919066406,1239.85611356088,1228863,NA,7.19999980926514,NA,-0.4099200963974,-0.496520429849625,0.45061257481575,-0.280878216028214,-0.131418615579605,-1.13900852203369,5.917,0.42488,3457.50502700464,8.14830251747991,10.6569769621022
"303","GN",2000,"Guinea",363969,"Guinea",0.481493067560868,0.0954249236063846,897.286623075115,8799165,NA,1.89999997615814,NA,-0.752232551574707,-0.82696008682251,-2.03023505210876,-0.604277551174164,-1.42113184928894,-1.17617690563202,5.939,3.63969,4136.40385195641,8.32758205454441,12.804823978157
"307","GQ",2000,"Equatorial Guinea",64391,"Equatorial Guinea",0.964917528498839,0.132354665123789,9104.59145450363,530896,NA,6.5,NA,-1.5310286283493,-1.51201272010803,-0.177711918950081,-1.71466100215912,-1.30291199684143,-1.61648845672607,5.773,0.64391,12128.7408456647,9.40333319157593,11.0727291507735
"311","GR",2000,"Greece",947612,"Greece",53.9953233323773,9.13883730776798,19158.7813779259,10917482,NA,11.1000003814697,0.7,0.756496429443359,0.647810041904449,0.714091718196869,0.802581310272217,0.822477757930756,0.981615900993347,1.27,9.47612,8679.76700121878,9.06874996411655,13.7617004147577
"315","GT",2000,"Guatemala",598222,"Guatemala",7.64742061067728,0.712332904508925,4796.21644351082,11688660,10.1,1.39999997615814,25.9,-0.678275287151337,-0.526821494102478,-0.826178729534149,-0.113571040332317,-0.918802380561829,-0.367831647396088,4.801,5.98222,5117.96904007816,8.54051296747873,13.3017172014994
"319","GU",2000,"Guam",4066,"Guam",17.5113308611454,16.1131270423389,NA,155328,NA,NA,1.3,NA,NA,NA,NA,NA,NA,2.824,0.04066,2617.68644416976,7.87004617007225,8.31041499418829
"323","GW",2000,"Guinea-Bissau",78384,"Guinea-Bissau",0,0.230103170591588,1020.15592567318,1315455,NA,6.80000019073486,NA,-0.966772973537445,-1.06335890293121,-0.50244152545929,-1.2402012348175,-1.39190351963043,-0.761270225048065,5.845,0.78384,5958.69870120985,8.69260739749685,11.2693751038784
"327","GY",2000,"Guyana",369024,"Guyana",5.35010766033868,6.61149156572021,4031.95564859286,742218,NA,11.5,9.9,-0.384051471948624,-0.194044172763824,-0.613826096057892,-0.176806584000587,-0.547336041927338,0.513303220272064,2.585,3.69024,49719.0852283291,10.8141441469906,12.818616961558
"331","HK",2000,"China, Hong Kong Special Administrative Region",732956,"Hong Kong SAR, China",79.6943104626994,27.8277606812581,26962.696583712,6665000,NA,4.90000009536743,0.6,1.39769577980042,1.29674017429352,0.83827155828476,1.84991669654846,0.78697282075882,-0.0568516403436661,1.035,7.32956,10997.0892723181,9.30538590515723,13.5048409517819
"335","HN",2000,"Honduras",354580,"Honduras",2.49008870252412,1.20385599891878,2757.10790626577,6243080,NA,3.90000009536743,50.9,-0.887372970581055,-0.541839838027954,-0.18300549685955,-0.297199338674545,-0.991355657577515,-0.186930701136589,3.996,3.5458,5679.56841815258,8.64463052610875,12.7786892694524
"339","HR",2000,"Croatia",923107,"Croatia",23.0827620926971,6.64488254374396,11057.354677976,4426000,0.09,16.1000003814697,2.3,-0.207531929016113,0.313116788864136,0.153445467352867,-0.0390638709068298,0.00948095507919788,0.47241622209549,1.39,9.23107,20856.4618165386,9.94541909847034,13.7355004330932
"343","HT",2000,"Haiti",826472,"Haiti",0.641157608897123,0.231270714628821,1378.79036175987,8549202,NA,7.40000009536743,NA,-1.29728817939758,-1.46099507808685,-0.751985430717468,-0.959262490272522,-1.61598134040833,-0.8746337890625,4.303,8.26472,9667.24145715588,9.17649827961785,13.6249213178714
"347","HU",2000,"Hungary",443600,"Hungary",30.0884683101605,6.99967635062916,12073.3639513757,10210971,0,6.40000009536743,2,0.687796652317047,0.960691034793854,0.819879710674286,1.06601810455322,0.852988243103027,1.15981256961823,1.32,4.436,4344.34687944956,8.37663071096937,13.0026785344583
"351","ID",2000,"Indonesia",2010040,"Indonesia",1.75617395682249,0.925563864466858,4601.84932811951,211540428,NA,6.09999990463257,1.1,-0.889635324478149,-0.272952169179916,-2.03676152229309,-0.175160840153694,-0.75116902589798,-0.442367196083069,2.484,20.1004,950.191894288878,6.85666395818484,14.5136651803348
"355","IE",2000,"Ireland",846715,"Ireland",64.6994629760544,17.8504672405807,29466.8483810539,3805174,NA,4.30000019073486,1,1.44496333599091,1.66997683048248,1.49611747264862,1.83750522136688,1.50996673107147,1.43919885158539,1.89,8.46715,22251.6762702573,10.0101726227457,13.6491194353114
"359","IL",2000,"Israel",301470,"Israel",73.1661365170358,20.8737899981674,24712.3663121619,6289000,NA,8.80000019073486,2.4,1.01201140880585,1.15174293518066,-1.06522381305695,1.12629568576813,0.97960752248764,0.642527401447296,2.95,3.0147,4793.60788678645,8.4750386191557,12.6164257877111
"363","IM",2000,"Isle of Man",1120,"Isle of Man",NA,NA,NA,76806,NA,NA,NA,NA,NA,NA,NA,NA,NA,NA,0.0112,1458.21940994193,7.2849713881752,7.02108396428914
"367","IN",2000,"India",8120278,"India",0.343205051182546,0.527532449930946,1998.48864493779,1053481072,NA,4.30000019073486,4.5,-0.365157037973404,-0.139228790998459,-0.991228520870209,-0.15844289958477,0.279675960540771,0.25735154747963,3.145,81.20278,770.804356701342,6.64743458870553,15.909874948005
"371","IQ",2000,"Iraq",1134933,"Iraq",0,NA,9414.31494282059,23574751,NA,18.2999992370605,NA,-1.47073292732239,-1.86570155620575,-1.77502965927124,-2.15336728096008,-1.33038985729218,-1.99307608604431,4.965,11.34933,4814.188705535,8.47932281689651,13.9420841763182
"375","IR",2000,"Iran (Islamic Republic of)",823545,"Iran, Islamic Rep.",1.46044551071647,0.934190019959829,9297.37078643199,65850062,NA,13,NA,-0.573077201843262,-0.453186124563217,-0.762289464473724,-1.71497023105621,-0.419728100299835,-0.924062192440033,2.193,8.23545,1250.63663569519,7.13140800919892,13.6213734719156
"379","IS",2000,"Iceland",25252,"Iceland",76.4172480744202,44.470533824288,29684.9551951673,281205,NA,2.29999995231628,1.8,2.34050250053406,2.02788186073303,1.49892795085907,1.55610191822052,1.80140864849091,1.55349516868591,2.08,0.25252,8979.92567699721,9.10274688475834,10.1366606394875
"383","IT",2000,"Italy",3202358,"Italy",74.1338872463339,23.1108742441037,26657.917164859,56942108,NA,10.8000001907349,1.3,0.72084379196167,0.768044471740723,0.852928757667542,0.813378691673279,0.802741289138794,1.01804852485657,1.26,32.02358,5623.88382249565,8.63477777582615,14.9793979714109
"387","JM",2000,"Jamaica",893508,"Jamaica",14.2107234126927,3.11577802729967,6451.10032642519,2589389,NA,15.5,34.4,-0.173983633518219,0.00958663318306208,0.0787833258509636,0.183128327131271,-0.493930220603943,0.66553658246994,2.603,8.93508,34506.5187192809,10.4489035335559,13.702910567095
"391","JO",2000,"Jordan",395523,"Jordan",8.15838401703543,2.62327542156362,6099.14741167899,4797000,NA,13.6999998092651,NA,0.0407441183924675,-0.00830552633851767,-0.0906265377998352,0.24845714867115,0.370800405740738,-0.189701542258263,4.053,3.95523,8245.21575984991,9.01738840322013,12.8879642187341
"395","JP",2000,"Japan",731534,"Japan",53.1237697836292,29.9907403589142,25938.1952140236,126843000,NA,4.80000019073486,NA,1.22687995433807,1.19473958015442,1.12754559516907,0.814135491847992,1.29397332668304,0.922497570514679,1.359,7.31534,576.723981615067,6.35736378396878,13.5028989781981
"399","KE",2000,"Kenya",311039,"Kenya",0.40723604405299,0.318059713612037,1710.87676277512,31065820,NA,9.80000019073486,NA,-0.948723316192627,-0.538031339645386,-1.14015865325928,-0.299867063760757,-0.896758139133453,-0.896917581558228,5.012,3.11039,1001.22578447953,6.90898031280125,12.6476735852285
"403","KG",2000,"Kyrgyzstan",582876,"Kyrgyz Republic",0.18164021110629,1.04140114469361,1644.31196223471,4898400,42.21,7.5,8.67836564174496,-0.726451456546783,-0.542838454246521,-0.339550822973251,-0.0950344428420067,-0.87647807598114,-1.12270212173462,2.4,5.82876,11899.3140617344,9.38423603556721,13.2757297497429
"407","KH",2000,"Cambodia",467594,"Cambodia",1.06805512387392,0.047022640068885,1086.55256933803,12197905,NA,2.5,NA,-0.845126450061798,-0.847202956676483,-0.869529187679291,-0.151340439915657,-0.985035240650177,-0.834830403327942,3.75,4.67594,3833.39598070324,8.25150636834184,13.0553556770178
"411","KI",2000,"Kiribati",3834,"Kiribati",0.36237135816785,1.78522547397736,1402.78660669401,84406,NA,NA,NA,-0.375487893819809,-0.197733193635941,NA,-0.995928406715393,0.606221199035645,1.12656569480896,3.881,0.03834,4542.33111390186,8.42119562047115,8.25166392360559
"415","KM",2000,"Comoros",65922,"Comoros",0,0.271740607285909,1063.4878267177,547696,NA,6.80000019073486,NA,-1.12382352352142,-1.24833607673645,-0.106957741081715,-1.29067146778107,-1.38207530975342,-1.1568044424057,5.315,0.65922,12036.2390815343,9.39567730142223,11.0962275039289
"419","KN",2000,"Saint Kitts and Nevis",25130,"St. Kitts and Nevis",2.63481468470051,5.86281024037522,15128.3955619198,45544,NA,NA,6.6,0.0418601892888546,-0.0877716317772865,NA,0.214411169290543,0.848883867263794,1.02264285087585,NA,0.2513,55177.4108554365,10.9183089248769,10.1318176305376
"423","KP",2000,"Democratic People's Republic of Korea",108002,"Korea, Dem. Rep.",0,0,NA,22840218,NA,4.59999990463257,NA,-1.80098593235016,-1.92334449291229,0.0258783660829067,-2.22040677070618,-0.859784960746765,-2.13494491577148,1.991,1.08002,472.858884271595,6.15879700205861,11.5899050244534
"427","KR",2000,"Republic of Korea",1935246,"Korea, Rep.",58.3254138300258,44.7,18091.485461434,47008111,NA,4.40000009536743,NA,0.248035401105881,0.704767405986786,0.300676912069321,0.591025590896606,0.830394208431244,0.560073554515839,1.467,19.35246,4116.83422037529,8.32283975386548,14.4757450081484
"431","KW",2000,"Kuwait",201437,"Kuwait",24.9707406919728,6.73139576837536,58902.3614095146,1929470,NA,0.800000011920929,NA,0.835642457008362,-0.116752415895462,0.651903450489044,-0.135490924119949,0.580362260341644,-0.243890151381493,2.869,2.01437,10440.0172067977,9.25340150959597,12.2132319563952
"435","KY",2000,"Cayman Islands",3187,"Cayman Islands",25.6687057694614,NA,NA,41685,NA,NA,9.6,1.38488280773163,1.94376981258392,0.643760323524475,1.23281216621399,1.49083518981934,1.52923655509949,NA,0.03187,7645.43600815641,8.94186414854285,8.06683531441734
"439","KZ",2000,"Kazakhstan",3638873,"Kazakhstan",1.35362801122201,0.668594402621264,7693.28301206379,14883626,NA,12.8000001907349,16,-1.06216478347778,-0.713452577590942,0.0112008051946759,-0.594424962997437,-1.07787442207336,-0.959229946136475,1.8,36.38873,24448.8339064688,10.1043378007787,15.1071845762876
"443","LA",2000,"Lao People's Democratic Republic",657500,"Lao PDR",0.235344073555184,0.111044032290124,1860.04888420138,5342879,NA,1.89999997615814,NA,-0.778882324695587,-0.813593089580536,-0.688048183917999,-1.5026752948761,-0.945858180522919,-1.13097202777863,4.19,6.575,12306.0993894865,9.41785030377411,13.3962000430341
"447","LB",2000,"Lebanon",538904,"Lebanon",22.9648449332072,7.95274373635276,9777.09417113725,3235380,NA,8.89999961853027,NA,-0.40507099032402,-0.142314434051514,-0.52938038110733,-0.386588633060455,-0.134150981903076,-0.287529677152634,2.226,5.38904,16656.5905705049,9.72056124714889,13.1972927264214
"451","LC",2000,"Saint Lucia",36766,"St. Lucia",1.59287411834418,5.09048334139327,7910.15004802674,156949,NA,NA,14.7,0.382104903459549,0.0569028928875923,1.12241804599762,0.214411169290543,0.848883867263794,1.06366503238678,2.313,0.36766,23425.4439340168,10.0615780582191,10.5123287840428
"455","LI",2000,"Liechtenstein",4489,"Liechtenstein",30.21787084882,36.5152298938015,NA,33282,NA,NA,0,1.38488280773163,1.67699658870697,1.10460090637207,1.47702729701996,1.50001800060272,1.50136911869049,1.57,0.04489,13487.7711675981,9.50953871446887,8.40938523878193
"459","LK",2000,"Sri Lanka",878708,"Sri Lanka",2.28267455414962,0.647410010940963,3920.50175183773,19102000,NA,7.69999980926514,NA,-0.261533170938492,-0.353684186935425,-1.93095004558563,0.247722923755646,0.171397566795349,-0.268846541643143,2.237,8.78708,4600.08376086274,8.43382979119461,13.6862079258012
"463","LR",2000,"Liberia",363927,"Liberia",0.0518677938345099,0.0177027057169472,663.065081365679,2891968,NA,3.90000009536743,NA,-1.36874091625214,-1.84282290935516,-2.04739189147949,-1.77898252010345,-2.11368274688721,-1.16033661365509,5.88,3.63927,12584.0604045411,9.44018624483317,12.8047085770556
"467","LS",2000,"Lesotho",120654,"Lesotho",1.16365203571765,0.211806070361977,1291.19720427651,1856225,NA,36.9000015258789,NA,-0.123622812330723,-0.173949554562569,-0.0180020183324814,-0.386601090431213,0.0381708294153214,-0.351560771465302,4.089,1.20654,6499.96632951286,8.77955227579537,11.7006822242541
"471","LT",2000,"Lithuania",428022,"Lithuania",14.9780788384328,6.42706749477765,NA,3499536,0.3,15.8999996185303,NA,0.188683539628983,0.058645136654377,0.292710065841675,0.775063216686249,0.239921152591705,0.810724794864655,1.39,4.28022,12230.8214574732,9.41171439383959,12.9669298751121
"475","LU",2000,"Luxembourg",31052,"Luxembourg",69.5405527491854,22.8873279731211,56416.8887643134,436300,NA,2.29999995231628,0.9,2.09303736686707,1.96729111671448,1.53236496448517,1.8871077299118,1.80058991909027,1.46891987323761,1.76,0.31052,7117.1212468485,8.8702586033841,10.3434184975256
"479","LV",2000,"Latvia",274969,"Latvia",16.920734342801,6.31906208267861,10159.5648286539,2367550,NA,14.1999998092651,10,-0.287677019834518,0.262302845716476,0.292574226856232,0.754247784614563,0.13544861972332,0.672263860702515,1.25,2.74969,11614.0736204093,9.35997288484847,12.5244136430218
"483","LY",2000,"Libya",85570,"Libya",0.77276990679429,0.187042622337565,17435.8314297275,5337264,NA,20.1000003814697,NA,-0.734670221805573,-1.10072243213654,-0.393137961626053,-1.80969393253326,-0.836929798126221,-1.590327501297,3.052,0.8557,1603.2559004014,7.37979177829752,11.3570900334121
"487","MA",2000,"Morocco",1967149,"Morocco",8.15740148518347,0.693791244805455,3482.1512763028,28950553,6.18,13.6000003814697,1.6,-0.028040487319231,-0.0308137610554695,-0.164881184697151,-0.0552873052656651,0.143865913152695,-0.467332094907761,2.698,19.67149,6794.85811549092,8.82392144564478,14.4920958443752
"491","MC",2000,"Monaco",5294,"Monaco",43.4119884043515,42.1848634460346,NA,32081,NA,NA,NA,NA,NA,NA,NA,0.856149911880493,1.10195243358612,NA,0.05294,16501.979364733,9.71123561419284,8.57432938278705
"495","MD",2000,"Republic of Moldova",630303,"Moldova",3.38431392409008,1.28284641670022,1845.73572643488,3639592,35.92,8.5,10.5,-0.53623628616333,-0.582896769046783,-0.563277423381805,-0.276328563690186,-0.560594081878662,-0.23944653570652,1.568,6.30303,17317.9576172274,9.75949925467985,13.3539559351281
"499","ME",2000,"Montenegro",262460,"Montenegro",NA,NA,6614.72028302625,604950,NA,19.7000007629395,NA,NA,NA,NA,NA,NA,-0.645642697811127,1.815,2.6246,43385.4037523762,10.6778783444509,12.4778539684503
"503","MG",2000,"Madagascar",77707,"Madagascar",0.400728849650847,0.196394691006341,1146.17778602718,15744811,NA,2.59999990463257,NA,-0.133932739496231,-0.637115001678467,0.0438809506595135,-0.449872970581055,-0.252041548490524,0.079576313495636,5.548,0.77707,493.540379747969,6.20160467872371,11.260700622388
"507","MH",2000,"Marshall Islands",8998,"Marshall Islands",0.856962098119285,1.53427179624871,2327.09777924663,52161,NA,NA,NA,-0.53422486782074,-0.840663254261017,NA,-0.702703356742859,0.0129261007532477,1.24142789840698,NA,0.08998,17250.4361496137,9.75559270617545,9.10475760940112
"511","MK",2000,"The former Yugoslav Republic of Macedonia",439159,"Macedonia, FYR",5.6403861550614,2.48556631640066,6244.55845882306,2012051,5.2,32.2000007629395,2.3,-0.664000332355499,-0.782272160053253,-0.783873915672302,-0.122073762118816,-0.659289598464966,-0.425506055355072,1.678,4.39159,21826.4348170101,9.99087712044885,12.9926168132717
"515","ML",2000,"Mali",789329,"Mali",0.101339330137087,0.142545755049184,934.292632397942,11046926,NA,8.30000019073486,NA,-0.664683163166046,-0.872307121753693,0.14459402859211,-0.098842941224575,-0.459741950035095,-0.113705672323704,6.836,7.89329,7145.23660247204,8.87420120422746,13.578938496438
"519","MM",2000,"Myanmar",1112874,"Myanmar",0.0276494747487256,NA,NA,47669791,NA,3.5,NA,-1.30913984775543,-1.21286702156067,-1.72356808185577,-2.05995440483093,-1.32968580722809,-2.06189370155334,2.428,11.12874,2334.54768031184,7.75557343840967,13.9224564163021
"523","MN",2000,"Mongolia",30801,"Mongolia",6.44845635383589,1.25565200358112,3689.70038716884,2397438,NA,6.09999990463257,NA,-0.404938191175461,-0.307291775941849,0.754954814910889,-0.0962453335523605,-0.120960287749767,0.316783159971237,2.144,0.30801,1284.74646685337,7.15831667580307,10.3353024359671
"527","MO",2000,"China, Macao Special Administrative Region",104141,"Macao SAR, China",32.657956458219,13.6085897418451,31776.8794999342,431907,NA,6.69999980926514,5.1,0.442409604787827,0.609903752803802,0.413340002298355,0.500166654586792,0.151068553328514,0.224359959363937,0.939,1.04141,24111.9037200138,10.0904609278264,11.553501029129
"531","MP",2000,"Northern Mariana Islands",8276,"Northern Mariana Islands",4.38378583744922,NA,NA,68434,NA,NA,NA,NA,NA,NA,NA,NA,NA,NA,0.08276,12093.4038635766,9.40041544770299,9.02111503886543
"534","MQ",2000,"Martinique",15716,"Martinique",NA,NA,NA,NA,NA,NA,NA,0.913646161556244,0.876676976680756,0.413340002298355,0.988596975803375,1.22288191318512,0.659318804740906,NA,0.15716,NA,NA,9.66243458067835
"538","MR",2000,"Mauritania",120384,"Mauritania",0.564972794528996,0.192031462434805,2167.34295796251,2711421,19.64,32.4000015258789,NA,-0.253376334905624,-0.183195903897285,0.234998598694801,-0.423915535211563,-0.347164273262024,-0.851609945297241,5.381,1.20384,4439.88594910197,8.39838396795715,11.6984419126607
"542","MT",2000,"Malta",97361,"Malta",28.0824186744992,13.1137087111024,19050.8826488814,381363,NA,6.30000019073486,1,0.989144682884216,1.06524777412415,1.51484358310699,1.0837162733078,1.32344245910645,1.17096078395844,1.7,0.97361,25529.7446265107,10.147599507307,11.4861809987672
"546","MU",2000,"Mauritius",117112,"Mauritius",15.1880405993201,7.28153511499385,8995.16401411572,1186873,NA,7.80000019073486,NA,0.549503982067108,0.446817934513092,0.730369329452515,0.584708690643311,0.949119389057159,0.990950644016266,1.99,1.17112,9867.27307807996,9.19697881037163,11.6708860208512
"550","MV",2000,"Maldives",755,"Maldives",2.80041797283177,2.2038729393788,NA,280384,NA,10.8000001907349,NA,-0.290140360593796,0.280070215463638,1.11723029613495,0.658348083496094,0.369336158037186,-0.39306503534317,3.271,0.00755,269.273567678612,5.59572784304568,6.62671774924902
"554","MW",2000,"Malawi",196866,"Malawi",0.432804993262375,0.126780944756387,507.004940986059,11193230,NA,7.59999990463257,6.2,-0.209319680929184,-0.375655114650726,-0.472239375114441,-0.22014519572258,-0.502739131450653,-0.17612162232399,6.254,1.96866,1758.79527178482,7.4723843489842,12.1902785732314
"558","MX",2000,"Mexico",10040588,"Mexico",13.5528941437453,5.08138415338066,10318.5303136191,102808590,11,2.59999990463257,10.3,-0.237514793872833,0.231027975678444,-0.230959683656693,0.288573950529099,-0.447480171918869,0.192245066165924,2.659,100.40588,9766.29287494362,9.18669223341458,16.12214623625
"562","MY",2000,"Malaysia",1105809,"Malaysia",21.8684191638432,21.3847311644538,12440.0605658528,23420751,NA,3,NA,0.362493902444839,1.05045020580292,0.0449902527034283,0.515946984291077,0.311836242675781,-0.333463758230209,2.825,11.05809,4721.4924918505,8.45988023449758,13.9160877517568
"566","MZ",2000,"Mozambique",683608,"Mozambique",0.279415995672486,0.109592530041641,462.260737174213,18264536,NA,8.60000038146973,NA,-0.399072200059891,-0.428240090608597,-0.154185563325882,-0.161998197436333,-0.76780366897583,-0.231900811195374,5.782,6.83608,3742.81613285988,8.22759358376435,13.4351399329052
"571",NA,2000,"Channel Islands",33918,"Namibia",4.32044418381277,1.64473954726899,4843.77985313021,1897953,NA,20.2999992370605,20,0.473544627428055,0.168402999639511,-0.383901566267014,0.268451005220413,0.196130067110062,0.306760460138321,4.033,0.33918,1787.08324178734,7.48834009593649,10.4317011259033
"572","NA",2000,"Namibia",48158,"Namibia",4.32044418381277,1.64473954726899,4843.77985313021,1897953,NA,20.2999992370605,20,0.473544627428055,0.168402999639511,-0.383901566267014,0.268451005220413,0.196130067110062,0.306760460138321,4.033,0.48158,2537.36525614702,7.83888152091433,10.7822425508812
"578","NC",2000,"New Caledonia",5057,"New Caledonia",23.7836293509833,13.9395488232698,NA,213230,NA,NA,NA,NA,NA,NA,NA,NA,NA,2.59,0.05057,2371.61750222764,7.77132749172993,8.52852870107998
"582","NE",2000,"Niger",198502,"Niger",0.0187082312122634,0.0362612938065891,603.828245773624,11224523,NA,5,NA,-0.940670490264893,-1.08487236499786,0.001870455336757,-0.60883092880249,-0.928444147109985,-0.204080119729042,7.725,1.98502,1768.46713218905,7.477868423338,12.1985544546254
"586","NG",2000,"Nigeria",625993,"Nigeria",0.0244147128039958,0.0640808079494101,2247.88501479552,122876723,NA,7.59999990463257,NA,-1.12622332572937,-0.956944644451141,-1.52158534526825,-0.743449091911316,-1.10475540161133,-0.582157135009766,6.099,6.25993,509.447993661094,6.23332777416756,13.3470944679111
"590","NI",2000,"Nicaragua",512647,"Nicaragua",1.7701512668303,0.980216486692385,2754.3330101484,5026792,NA,6.19999980926514,9.3,-0.977963149547577,-0.618172526359558,-0.133496895432472,-0.11410703510046,-0.932207882404327,-0.233032464981079,3.251,5.12647,10198.2934643009,9.22997567785343,13.1473427781353
"594","NL",2000,"Netherlands",771016,"Netherlands",67.8126916985348,43.984351373138,31581.5554114663,15925513,NA,2.70000004768372,1.1,2.31678771972656,2.07583332061768,1.66806757450104,2.0766429901123,1.71904313564301,1.60375499725342,1.72,7.71016,4841.38878289196,8.48495689716571,13.5554644045999
"598","NO",2000,"Norway",162048,"Norway",71.7788783080846,52,36799.3365609589,4490967,NA,3.40000009536743,1.1,2.29076075553894,1.90925884246826,1.44563746452332,1.11556780338287,1.81011772155762,1.57249402999878,1.85,1.62048,3608.30974709901,8.19099472758048,11.9956478666237
"602","NP",2000,"Nepal",816252,"Nepal",0.0441076687777185,0.204651683653029,1220.46424225196,23740145,NA,2.70000004768372,2.7,-0.536217153072357,-0.496308952569962,-1.2348644733429,-0.561615705490112,-0.327850311994553,-0.295522063970566,4.068,8.16252,3438.27723040445,8.14272581980769,13.6124784097995
"605","NR",2000,"Nauru",4545,"Nauru",NA,NA,NA,NA,NA,NA,NA,NA,NA,NA,NA,0.856149911880493,0.926924347877502,NA,0.04545,NA,NA,8.42178300661158
"612","NZ",2000,"New Zealand",494150,"New Zealand",39.9685642835518,47.3795565432096,21567.5963271615,3857700,NA,6.19999980926514,1.3,2.36136984825134,1.6330349445343,1.26823878288269,1.71261823177338,1.76488125324249,1.76466000080109,1.98,4.9415,12809.446042979,9.45793814984792,13.1105943938043
"616","OM",2000,"Oman",16119,"Oman",7.38870759189705,3.52042141651097,35287.857019508,2239403,NA,8.60000038146973,NA,0.757810533046722,0.32652759552002,1.02979838848114,0.0200648028403521,0.62970906496048,-0.643951535224915,3.72,0.16119,719.79005118775,6.57895957391528,9.68775397939693
"620","PA",2000,"Panama",141638,"Panama",13.4345746972318,6.55479647729549,7957.90959192934,3028751,14.68,13.5,9.8,-0.394940257072449,0.242754101753235,0.170652851462364,0.562200367450714,-0.203652679920197,0.603314340114594,2.821,1.41638,4676.44913695447,8.45029436950935,11.8610297858211
"624","PE",2000,"Peru",708627,"Peru",4.89943492481562,3.07643061137675,5156.99495357188,25914875,16.5,6.30000019073486,5,-0.486588716506958,-0.0930420160293579,-1.097975730896,0.471817523241043,-0.687617361545563,-0.375866889953613,2.929,7.08627,2734.44112695894,7.91368235282712,13.4710845739899
"628","PF",2000,"French Polynesia",6694,"French Polynesia",16.8164978694888,6.3570635452072,NA,237267,NA,NA,NA,NA,NA,NA,NA,NA,NA,2.463,0.06694,2821.29415384356,7.94495097846335,8.80896688177127
"632","PG",2000,"Papua New Guinea",30207,"Papua New Guinea",0.159130700215979,0.835249302427624,1472.17328711068,5374051,NA,2.90000009536743,8.6,-0.816512942314148,-0.426031768321991,-0.326302647590637,-0.488333374261856,-0.894968390464783,-0.0823057144880295,4.507,0.30207,562.08993922834,6.33166187130371,10.3158289645837
"636","PH",2000,"Philippines",3446663,"Philippines",8.31191937634247,1.98225319605827,3350.70092958855,77932247,18.41,11.1999998092651,7.4,-0.454940348863602,-0.14403535425663,-1.41428077220917,0.157831847667694,-0.43861398100853,0.17491240799427,3.813,34.46663,4422.64034809621,8.39449216054367,15.0529170745461
"640","PK",2000,"Pakistan",3699800,"Pakistan",0.213090946498184,NA,2775.63261551512,138250487,NA,7.19999980926514,6.2,-0.820990264415741,-0.577329635620117,-1.14416575431824,-0.733145952224731,-0.946514070034027,-1.31723642349243,4.474,36.998,2676.15693823921,7.89213706610516,15.1237893220994
"644","PL",2000,"Poland",2127150,"Poland",17.5925611340196,7.2854287080601,10610.7296268279,38258629,0.13,16.1000003814697,2.2,0.547988951206207,0.597504734992981,0.224753230810165,0.731735110282898,0.648225009441376,1.06288433074951,1.37,21.2715,5559.92218121564,8.62333939096244,14.5702936135576
"648","PR",2000,"Puerto Rico",1856415,"Puerto Rico",34.7143954631324,10.4746482089399,25747.5092641845,3810605,NA,10.3000001907349,18.3,0.913646161556244,1.14345014095306,0.182919666171074,1.23281216621399,0.954928576946259,1.07844233512878,2.0485,18.56415,48717.0672373547,10.7937847042943,14.4341577664717
"652","PS",2000,"State of Palestine",2688887,"West Bank and Gaza",0.220809518400585,1.11130620708969,3333.56215871375,2922153,NA,14.1000003814697,NA,-0.97130012512207,-1.25750863552094,-1.66044294834137,-0.965124368667603,-0.116884775459766,-1.14849102497101,5.404,26.88887,92017.324212661,11.4297321449631,14.8046379113111
"656","PT",2000,"Portugal",1988941,"Portugal",64.6693851618522,16.4304676923534,17852.1446888119,10289898,NA,3.90000009536743,1.1,1.18219137191772,1.03641629219055,1.33970427513123,0.964684009552002,1.167196393013,1.38723599910736,1.55,19.88941,19329.0642919881,9.86936516399441,14.5031128942488
"660","PW",2000,"Palau",6505,"Palau",NA,NA,10220.0366657741,19174,NA,NA,NA,NA,NA,NA,NA,0.856149911880493,1.10195243358612,1.535,0.06505,33926.1499947846,10.4319413822799,8.78032639094661
"664","PY",2000,"Paraguay",374607,"Paraguay",15.3415174945932,0.747630711548184,4822.97602837499,5302703,NA,7.59999990463257,18.5972513823178,-1.3738020658493,-1.1701967716217,-1.09179544448853,-0.820619344711304,-1.07842719554901,-0.658752799034119,3.677,3.74607,7064.45373237008,8.86283097187025,12.8336327554166
"668","QA",2000,"Qatar",15448,"Qatar",20.3566489751437,4.86367917875156,88998.8918803269,593453,NA,0.899999976158142,NA,0.674049377441406,0.43867215514183,1.06498599052429,-0.081726461648941,0.588163256645203,-0.381362408399582,3.241,0.15448,2603.07050431963,7.86444699042093,9.64523482410835
"675","RO",2000,"Romania",1171654,"Romania",11.1620532710891,3.61371729139783,5707.34412378758,22442971,7.54,7,2.5,-0.477384120225906,-0.434804409742355,-0.481841236352921,-0.11844390630722,-0.187073409557343,0.454789608716965,1.31,11.71654,5220.58331760087,8.56036442130032,13.9739269836895
"679","RS",2000,"Serbia",1587340,"Serbia",NA,NA,5777.6649282944,7516346,NA,12.6000003814697,2.2,-1.12274324893951,-0.847257614135742,-1.6988559961319,-0.888970911502838,-1.34328484535217,-0.727349519729614,1.48,15.8734,21118.5062529053,9.95790500865727,14.277570217268
"683","RU",2000,"Russian Federation",10702138,"Russian Federation",2.2234504922263,1.97723010897647,6825.41045635342,146596557,2.25,10.6000003814697,NA,-0.917507469654083,-0.765428483486176,-1.41944968700409,-0.563989996910095,-1.12649118900299,-0.387280106544495,1.21,107.02138,7300.40201421647,8.89568469606077,16.1859540925563
"687","RW",2000,"Rwanda",298119,"Rwanda",0.464530311615271,0.0628314595107164,633.750747568641,8021875,76.97,0.600000023841858,NA,-0.64541107416153,-0.653874456882477,-1.80941390991211,-1.05080509185791,-1.34532165527344,-1.52451002597809,5.897,2.98119,3716.32567199065,8.22049073656464,12.6052480146361
"691","SA",2000,"Saudi Arabia",141725,"Saudi Arabia",6.8300293518099,2.21069180908888,28013.2094034296,21392273,NA,4.59999990463257,NA,-0.417413413524628,-0.228896990418434,0.111084520816803,-0.0698141828179359,-0.0388035774230957,-1.48428666591644,3.99,1.41725,662.505569183789,6.4960289641402,11.8616438391925
"695","SB",2000,"Solomon Islands",2571,"Solomon Islands",0.279141282837298,0.481296806114395,1371.66256283724,412336,NA,4.90000009536743,NA,-0.754866898059845,-0.964640140533447,-0.82133948802948,-1.45907664299011,-0.775833308696747,0.306121736764908,4.72,0.02571,623.520623957161,6.43538184229102,7.85205020726589
"699","SC",2000,"Seychelles",8100,"Seychelles",32.5431844962018,7.39562918315276,14626.4944324543,81131,NA,NA,NA,0.464429259300232,-0.0276153031736612,1.19231951236725,-0.91325455904007,0.585722923278809,0.158295452594757,2.08,0.081,9983.8532743341,9.2087243944209,8.99961934066053
"703","SD",2000,"Sudan",442569,"Sudan",0.0672756005524672,0.0257850324762484,1769.65285030889,28079664,NA,15.1000003814697,NA,-0.799846410751343,-1.18821012973785,-2.28168797492981,-1.43450391292572,-1.50298774242401,-1.74044001102448,5.444,4.42569,1576.11928689745,7.36272095720925,13.0003516634773
"707","SE",2000,"Sweden",252130,"Sweden",71.822543101641,45.6876522122282,29384.5369567219,8872109,NA,5.90000009536743,1.1,2.4044291973114,1.97201526165009,1.32263195514679,1.37992608547211,1.78180813789368,1.62756204605103,1.54,2.5213,2841.82712362979,7.95220247768295,12.4377001064927
"711","SG",2000,"Singapore",197211,"Singapore",70.1191290159816,36,40949.545283975,4027900,NA,3.70000004768372,0.9,2.2897047996521,2.17086291313171,1.04265606403351,2.11987924575806,1.2707884311676,0.182544112205505,NA,1.97211,4896.12453139353,8.49619925920233,12.192029500528
"715","SI",2000,"Slovenia",138279,"Slovenia",61.0994473610801,15.1102595640388,17882.4131120401,1988925,NA,6.90000009536743,1.8,0.766840159893036,0.727106690406799,0.793534815311432,0.664408266544342,1.00580883026123,1.10018408298492,1.26,1.38279,6952.44918737509,8.84684927754133,11.8370286623056
"719","SK",2000,"Slovakia",282402,"Slovak Republic",23.0834018496625,9.42680320061637,11159.6018619616,5388720,NA,18.7999992370605,2.7,0.148484706878662,0.565163552761078,0.57494044303894,0.536182940006256,0.290472865104675,0.805730700492859,1.3,2.82402,5240.61372645081,8.56419389382516,12.5510868667291
"723","SL",2000,"Sierra Leone",577907,"Sierra Leone",0.288422726261469,0.118254245682183,813.003126074643,4060709,NA,3.29999995231628,NA,-0.912776648998261,-1.4601024389267,-1.97010099887848,-1.37757253646851,-1.4690899848938,-1.57438635826111,5.92,5.77907,14231.6772760619,9.56322555315138,13.2671682350548
"727","SM",2000,"San Marino",4102,"San Marino",53.776558270607,48.7994953055999,NA,27420,NA,NA,NA,NA,NA,NA,NA,0.856149911880493,1.30706334114075,NA,0.04102,14959.8832968636,9.61312745048625,8.31922993863233
"731","SN",2000,"Senegal",397924,"Senegal",2.53761048194734,0.403967485868965,1519.11385110651,9860578,NA,10.1999998092651,NA,-0.112979792058468,-0.123345196247101,-0.697839319705963,-0.126669153571129,0.0120628969743848,0.0841019377112389,5.561,3.97924,4035.50380109564,8.3028864306784,12.8940163112585
"735","SO",2000,"Somalia",1086803,"Somalia",1.08321589467675,0.02,NA,7385416,NA,6.90000009536743,NA,-1.78425824642181,-2.27671384811401,-2.08214569091797,-2.52433967590332,-2.3108971118927,-1.8531197309494,7.61,10.86803,14715.5285497797,9.59665857913767,13.898750916928
"739","SR",2000,"Suriname",218855,"Suriname",8.79597486864323,2.50641105226881,7623.3053314635,480751,NA,14.8000001907349,NA,0.387102693319321,-0.172978654503822,0.110047973692417,-0.630104422569275,-0.192040428519249,0.311943203210831,2.739,2.18855,45523.5662536323,10.7259854104949,12.2961646890567
"743","SS",2000,"South Sudan",732837,"South Sudan",NA,NA,NA,6692999,NA,NA,NA,NA,NA,NA,NA,NA,NA,6.133,7.32837,10949.3068802192,9.30103143463108,13.5046785823338
"747","ST",2000,"Sao Tome and Principe",25063,"Sao Tome and Principe",0,4.6385168164075,1737.59793897441,137164,29.51,NA,NA,-0.0802470818161964,-0.507540166378021,1.0486820936203,-0.796577751636505,-0.0871675461530685,0.439316868782043,4.687,0.25063,18272.2871890584,9.81314082977193,10.1291479339746
"751","SV",2000,"El Salvador",993941,"El Salvador",12.4795050810617,1.17739726914477,5092.54855449753,5811836,11.81,7,39.3,-0.504208564758301,-0.535354495048523,0.265680432319641,0.178408101201057,-0.793050646781921,-0.105061873793602,2.934,9.93941,17102.0138902749,9.74695150691736,13.8094331277402
"755","SX",2000,"Sint Maarten (Dutch part)",17349,"Sint Maarten (Dutch part)",NA,NA,NA,30519,NA,NA,NA,NA,NA,NA,NA,NA,NA,NA,0.17349,56846.5546053278,10.9481108923347,9.76129014682633
"759","SY",2000,"Syrian Arab Republic",488507,"Syrian Arab Republic",0.183248542196764,0.181698580104333,NA,16354050,NA,9.5,2.2,-0.902192533016205,-0.988577902317047,-0.247701615095139,-1.31331491470337,-0.370895683765411,-1.54549908638,3.958,4.88507,2987.07048101235,8.0020484138575,13.0991090799427
"763","SZ",2000,"Swaziland",32595,"Swaziland",3.10233474191865,0.926191777269402,4166.65791451188,1063715,48.44,22.7000007629395,NA,-0.253376334905624,-0.711142838001251,-0.072683647274971,-0.443160742521286,-0.677606105804443,-1.41162753105164,4.209,0.32595,3064.26063372238,8.02756159046813,10.3919141813586
"767","TC",2000,"Turks and Caicos Islands",1575,"Turks and Caicos Islands",NA,NA,NA,18876,NA,NA,0,NA,NA,NA,NA,NA,NA,NA,0.01575,8343.92879847425,9.02928946338368,7.36201055125973
"771","TD",2000,"Chad",246657,"Chad",0.0662558722278393,0.03570707628555,787.153215745838,8343321,NA,7.09999990463257,NA,-0.818540275096893,-0.75764411687851,-1.24873101711273,-0.77547150850296,-1.03183448314667,-1.03299140930176,7.354,2.46657,2956.34076646458,7.99170755501274,12.4157539865551
"775","TG",2000,"Togo",282835,"Togo",1.02780141150023,0.8,1032.03571945681,4874735,NA,7.19999980926514,NA,-0.664683163166046,-1.24085056781769,-0.403711587190628,-0.664258360862732,-0.709979712963104,-1.21939933300018,5.288,2.82835,5802.05898371911,8.66596813073087,12.5526189677229
"779","TH",2000,"Thailand",554560,"Thailand",4.90188380710003,3.68904127944164,7045.66171200072,62693322,2.55,2.40000009536743,8.2,-0.138154238462448,0.201027363538742,0.384005784988403,0.489968091249466,0.548233211040497,0.509803831577301,1.676,5.5456,884.559921709046,6.78509025772578,13.2259302855094
"783","TJ",2000,"Tajikistan",511064,"Tajikistan",0.018751559935805,0.048599594582182,939.740828207178,6186152,NA,11.8000001907349,4.6,-1.05265831947327,-1.21171009540558,-1.78900635242462,-1.13421356678009,-1.42878437042236,-1.42380940914154,3.954,5.11064,8261.42002330366,9.01935176739342,13.1442501059618
"787","TL",2000,"Timor-Leste",155531,"Timor-Leste",NA,NA,1055.50947887308,847185,NA,6.5,NA,NA,NA,0.34491503238678,NA,-0.185188487172127,0.177585527300835,7.112,1.55531,18358.5639500227,9.81785144488573,11.9546003476457
"791","TM",2000,"Turkmenistan",232490,"Turkmenistan",0.166614127678405,0.13328218259348,4241.09839383072,4501419,NA,11,NA,-0.951829373836517,-1.34489834308624,-0.0588171035051346,-1.93581020832062,-1.21223318576813,-1.57533407211304,2.837,2.3249,5164.81580586033,8.54962471893532,12.3566024923319
"795","TN",2000,"Tunisia",486881,"Tunisia",1.24743844093068,2.75074029298135,5916.11124270715,9552500,5.32,15.6999998092651,NA,-0.028040487319231,0.52381443977356,0.27605402469635,-0.0622410923242569,-0.150644227862358,-0.658032417297363,2.08,4.86881,5096.89610049725,8.53638702568991,13.0957750190229
"799","TO",2000,"Tonga",46594,"Tonga",0.183744717339377,2.4343980443669,3652.47852383904,97898,NA,NA,1,-0.529859006404877,-0.495836943387985,NA,-0.655092418193817,0.257256537675858,0.19125959277153,4.25,0.46594,47594.4350242089,10.7704711221287,10.7492270564592
"803","TR",2000,"Turkey",2854953,"Turkey",25.5378504640869,3.761685035075,9323.41623993563,63240157,NA,6.5,NA,-0.333587914705276,0.0155255990102887,-0.847205340862274,0.362981140613556,-0.060971837490797,-0.428903549909592,2.454,28.54953,4514.46222690434,8.4150413506518,14.86456593859
"807","TT",2000,"Trinidad and Tobago",312367,"Trinidad and Tobago",12.7651855707503,7.72141147401745,14046.1732490777,1267980,NA,12.1000003814697,9.5,0.048710573464632,0.465131044387817,0.0344529747962952,0.651189804077148,0.382425338029861,0.529966056346893,1.753,3.12367,24635.0100159308,10.1119238815512,12.6519340575652
"811","TV",2000,"Tuvalu",3021,"Tuvalu",0,5.24163958486214,2428.77997004473,9419,NA,NA,NA,-0.158095180988312,0.424640834331512,NA,0.359636306762695,1.37932777404785,1.30706334114075,NA,0.03021,32073.4685210744,10.3757844415341,8.01334318138667
"815","TZ",2000,"United Republic of Tanzania",218341,"Tanzania",0.324856956885305,0.11719444010825,1179.73875461974,33991590,84.74,5.09999990463257,NA,-0.948723316192627,-0.419936865568161,-0.797663271427155,-0.250341475009918,-0.385698676109314,-0.514570891857147,5.689,2.18341,642.33829603146,6.46511510576435,12.2938133398366
"819","UA",2000,"Ukraine",5714739,"Ukraine",1.6685085292022,0.716183762031043,3812.13808502678,49175848,NA,11.6000003814697,NA,-1.07160997390747,-0.748459875583649,-0.504082679748535,-0.522721469402313,-1.14185404777527,-0.654675304889679,1.11,57.14739,11621.0278671758,9.36057148322153,15.5585591848768
"823","UG",2000,"Uganda",570201,"Uganda",0.522799789303195,0.163714063074854,843.568598110268,23757636,NA,2.79999995231628,NA,-0.852383375167847,-0.382698684930801,-1.34297299385071,0.0789570212364197,-0.791742980480194,-1.05834543704987,6.865,5.70201,2400.07465389233,7.78325512164073,13.2537442092298
"827","US",2000,"United States of America",2014161,"United States",38.4680910528825,43.0791626375201,36449.8551155349,282162411,NA,4.09999990463257,5.5,1.65576410293579,1.84262526035309,1.01321911811829,1.73939788341522,1.5351402759552,1.34633469581604,2.056,20.14161,713.830376222579,6.57064536580005,14.5157132894827
"831","UY",2000,"Uruguay",235077,"Uruguay",12.3699689325686,10.5390577480141,10204.9143883324,3321242,0.57,10.3000001907349,6.4,0.718786835670471,0.433374255895615,0.849505543708801,0.693222403526306,0.529132604598999,0.954690337181091,2.243,2.35077,7077.98468163416,8.86474449668071,12.3676683990321
"835","UZ",2000,"Uzbekistan",1513877,"Uzbekistan",0.213979367794236,0.484347307694947,1958.93245178787,24650400,68.08,11,NA,-0.905076026916504,-0.949523627758026,-1.43540370464325,-2.09806060791016,-1.09874868392944,-1.79098379611969,2.58,15.13877,6141.38918638237,8.7228062474039,14.2301844679355
"839","VC",2000,"Saint Vincent and the Grenadines",49561,"St. Vincent and the Grenadines",2.18819800365163,3.24503741064558,6000.64811283647,107897,NA,NA,18.5,0.0418601892888546,0.0569028928875923,1.12241804599762,0.214411169290543,0.848883867263794,1.03905165195465,2.379,0.49561,45933.6218801264,10.7349526307344,10.8109595131021
"843","VE",2000,"Venezuela (Bolivarian Republic of)",323358,"Venezuela, RB",22.3175670252565,3.3595974645036,11427.4070085204,24481477,NA,13.1999998092651,32.9,-0.528465747833252,-0.756821751594543,-0.813272774219513,-0.485612779855728,-0.899653017520905,-0.150186717510223,2.822,3.23358,1320.82717068092,7.18601346377601,12.6865153475614
"847","VI",2000,"United States Virgin Islands",3628,"Virgin Islands (U.S.)",32.2547944448028,13.8150805419196,NA,108639,NA,NA,22.1,NA,NA,NA,NA,NA,NA,2.06,0.03628,3339.50054768545,8.11357653816791,8.19643681123503
"851","VN",2000,"Viet Nam",1916266,"Vietnam",0.974879066862416,0.254248275754934,2100.24306207326,77630900,NA,2.29999995231628,NA,-0.595421612262726,-0.438285857439041,0.311505079269409,-0.721327006816864,-0.341945856809616,-1.24553918838501,1.983,19.16266,2468.43202899876,7.81133842197396,14.4658890587745
"855","VU",2000,"Vanuatu",6919,"Vanuatu",0.197235461314831,2.10833689115184,2237.93315782513,185058,NA,NA,NA,-0.679864287376404,-0.545987010002136,1.12241804599762,-0.469239294528961,0.239725545048714,0.730017781257629,4.368,0.06919,3738.82782695155,8.22652742603016,8.84202652949881
"859","WS",2000,"Samoa",95635,"Samoa",1.43172941459448,0.566392532680849,3428.69993727347,174614,NA,NA,NA,-0.132766038179398,0.390982896089554,1.19231951236725,0.0248357132077217,0.833389580249786,0.765605449676514,4.503,0.95635,54769.3770258971,10.9108865033457,11.4682941408246
"863","YE",2000,"Yemen",551173,"Yemen, Rep.",0.182861648401713,0.0825003865143108,3135.5723618645,17795219,NA,16.1000003814697,4,-0.910406112670898,-0.784563779830933,-1.23737621307373,-0.685822367668152,-1.42214834690094,-0.76984715461731,6.363,5.51173,3097.30945148807,8.03828909473876,13.219804013447
"867","ZA",2000,"South Africa",518671,"South Africa",18.5946278806678,5.34855973203537,7868.30656410825,4.4e+07,35.2,26.7000007629395,48.5,0.612061262130737,0.691410839557648,-0.254857122898102,0.402368515729904,0.101097881793976,0.71804815530777,2.866,5.18671,1178.79772727273,7.07225032286094,13.1590250497732
"871","ZM",2000,"Zambia",156941,"Zambia",0.978647519483504,0.191071642503428,1665.37449676768,10585220,NA,12.8999996185303,NA,-0.852383375167847,-0.85829496383667,-0.0548534467816353,-0.25937083363533,-0.535909652709961,-0.491870790719986,6.071,1.56941,1482.64277927147,7.30158143602965,11.963625217523
"875","ZW",2000,"Zimbabwe",283768,"Zimbabwe",2.13090543466821,0.401433535211582,1998.49183887629,12499981,NA,6.30000019073486,NA,-0.945581376552582,-0.779337704181671,-1.41826367378235,-1.45501053333282,-1.33033275604248,-1.10547637939453,4.069,2.83768,2270.14745062412,7.72760006458797,12.5559122818891
