"","iso2c","year","Country","emigration","country","CellphoneUsers","InternetUsers","GDPPerCapita","TotalPopulation","Poverty","UnemploymentRate","IntentionalHomocides","Corruption","GovernmentEffectiveness","PoliticalStability","RegulatoryQuality","RuleOfLaw"," VoiceAndAccountability","FertilityRate","emigration2","emigrationpercap","logemigrationpercap","logemigration"
"4","AD",2013,"Andorra",7613,"Andorra",80.7026180918478,94,NA,75902,NA,NA,NA,1.28575420379639,1.52686452865601,1.32207322120667,1.54663228988647,1.43140316009521,1.40486037731171,NA,0.07613,10030.0387341572,9.21333974277875,8.93761259130621
"8","AE",2013,"United Arab Emirates",131494,"United Arab Emirates",171.873799302364,88,63116.6024223962,9039978,NA,3.79999995231628,NA,1.29292261600494,1.16720604896545,0.892263889312744,0.781886458396912,0.643071472644806,-1.02943551540375,1.801,1.31494,1454.58318593253,7.28247466841572,11.7867165021826
"12","AF",2013,"Afghanistan",5108886,"Afghanistan",70.6613588505821,5.9,1937.85596483349,30682500,NA,8,NA,-1.43011856079102,-1.42813873291016,-2.5038115978241,-1.21257531642914,-1.67119264602661,-1.28825438022614,4.9,51.08886,16650.8139819115,9.72021438201611,15.4464919344997
"16","AG",2013,"Antigua and Barbuda",56700,"Antigua and Barbuda",127.085625382008,63.4,21027.3976410307,89985,NA,NA,NA,1.28575420379639,0.481359779834747,0.976155757904053,0.597457647323608,0.862034916877747,0.646555960178375,2.089,0.567,63010.5017502917,11.0510566859308,10.9455294897158
"19","AI",2013,"Anguilla",3895,"Anguilla",NA,NA,NA,NA,NA,NA,NA,1.28575420379639,1.52686452865601,1.59396719932556,1.3093386888504,1.4026848077774,1.04421508312225,NA,0.03895,NA,NA,8.26744895830485
"23","AL",2013,"Albania",1250192,"Albania",116.157208130034,57.2,9925.90662345448,2897366,NA,16,NA,-0.716902256011963,-0.333188027143478,0.0549472086131573,0.175272643566132,-0.574120342731476,0.0387080013751984,1.771,12.50192,43149.2603972021,10.6724205560913,14.0388076974832
"27","AM",2013,"Armenia",777313,"Armenia",112.420655211408,41.9,7735.51844816855,2992192,2.44,16.2000007629395,NA,-0.468069225549698,0.0656641125679016,0.0683936774730682,0.228419080376625,-0.314757943153381,-0.600399971008301,1.74,7.77313,25978.0455264903,10.1650070574674,13.5635983796378
"31","AO",2013,"Angola",512125,"Angola",61.8732971124952,19.1,7083.90343496259,23448202,NA,6.80000019073486,NA,-1.32514321804047,-1.24033904075623,-0.385451436042786,-1.06389617919922,-1.2796196937561,-1.12031197547913,5.863,5.12125,2184.06937981855,7.68894510367641,13.1463240148492
"35","AR",2013,"Argentina",980580,"Argentina",162.527421663231,59.9,NA,42538304,1.75,7.5,NA,-0.460975170135498,-0.289783596992493,0.045392919331789,-0.984040081501007,-0.731716871261597,0.236748397350311,2.175,9.8058,2305.16947737268,7.74290947870298,13.7958995123152
"39","AS",2013,"American Samoa",2863,"American Samoa",NA,NA,NA,55302,NA,NA,NA,0.352089822292328,0.481359779834747,0.970003187656403,0.360163986682892,1.14358532428741,1.04421508312225,NA,0.02863,5177.02795558931,8.55198641684662,7.95962530509811
"43","AT",2013,"Austria",517988,"Austria",156.230411605688,80.6188,45081.4781159863,8479375,NA,4.90000009536743,NA,1.50550198554993,1.56605327129364,1.34187817573547,1.47798657417297,1.82884919643402,1.46452248096466,1.44,5.17988,6108.79929240068,8.71748551769864,13.1577073549501
"47","AU",2013,"Australia",483374,"Australia",106.843497367233,83,43208.779145574,23125868,NA,5.69999980926514,NA,1.76058661937714,1.62427496910095,1.01689445972443,1.78657579421997,1.75368213653564,1.43816292285919,1.921,4.83374,2090.18749047603,7.64500904929704,13.0885459601203
"51","AW",2013,"Aruba",15468,"Aruba",134.873823012117,78.9,NA,102921,NA,NA,NA,1.12850534915924,1.20553338527679,1.34110522270203,1.44213163852692,1.30294060707092,1.24792039394379,1.673,0.15468,15029.0028274113,9.61773713506444,9.64652865272719
"55","AZ",2013,"Azerbaijan",1279672,"Azerbaijan",107.613407242001,58.7,17142.7599202813,9416801,NA,5.5,NA,-0.903524219989777,-0.454735517501831,-0.408849895000458,-0.426776111125946,-0.673669755458832,-1.35399746894836,2,12.79672,13589.2433109715,9.5170338257548,14.0621143530582
"59","BA",2013,"Bosnia and Herzegovina",1524583,"Bosnia and Herzegovina",91.0953078455188,57.79,9549.94745002713,3823533,NA,28.3999996185303,NA,-0.223521694540977,-0.45236748456955,-0.375888884067535,-0.0831760317087173,-0.165394440293312,-0.160041555762291,1.283,15.24583,39873.6718108618,10.5934715307139,14.2372314880084
"63","BB",2013,"Barbados",100224,"Barbados",108.10275291241,73,13393.6570472741,282503,NA,12.1999998092651,NA,1.60986161231995,1.34482061862946,1.29681992530823,0.42678314447403,0.999037444591522,1.18306565284729,1.849,1.00224,35477.1453754473,10.4766439758994,11.5151629599104
"67","BD",2013,"Bangladesh",7757662,"Bangladesh",74.4296460827392,6.63,2937.40380258784,157157394,NA,4.30000019073486,NA,-0.893454730510712,-0.819323599338531,-1.62846183776855,-0.92778342962265,-0.831679463386536,-0.423409074544907,2.177,77.57662,4936.23736214409,8.50435865238367,15.8641915581031
"71","BE",2013,"Belgium",518951,"Belgium",110.903179942935,82.1702,41572.64213537,11182817,NA,8.39999961853027,NA,1.63021957874298,1.58981359004974,0.917740762233734,1.28583490848541,1.40325391292572,1.37328326702118,1.79,5.18951,4640.61067975985,8.44260124857741,13.1595647453595
"75","BF",2013,"Burkina Faso",1641243,"Burkina Faso",66.3772829490732,9.1,1626.29762856575,17084554,NA,3.09999990463257,NA,-0.576052188873291,-0.680861949920654,-0.795505404472351,-0.181881040334702,-0.522480070590973,-0.292298674583435,5.605,16.41243,9606.58967158288,9.17020456609786,14.3109644395482
"79","BG",2013,"Bulgaria",1378735,"Bulgaria",145.187688730203,53.0615,15731.7019975447,7265115,NA,12.8999996185303,NA,-0.294138014316559,0.153200075030327,0.147645175457001,0.518726587295532,-0.137340322136879,0.317926585674286,1.5,13.78735,18977.4697303484,9.85100775086124,14.1366769700709
"83","BH",2013,"Bahrain",61719,"Bahrain",165.90888106707,90.0000397,43289.3060699565,1349427,NA,7.40000009536743,NA,0.452240437269211,0.584076941013336,-1.34518897533417,0.600821137428284,0.351621180772781,-1.32083296775818,2.075,0.61719,4573.7190674264,8.42808195324444,11.0303471041423
"87","BI",2013,"Burundi",273084,"Burundi",24.9625880636833,1.3,749.326721734969,10465959,NA,6.90000009536743,NA,-1.36674249172211,-1.03008759021759,-1.31016135215759,-0.891982614994049,-1.04626572132111,-0.95026969909668,6.033,2.73084,2609.25921838601,7.8668216356578,12.5175347191472
"91","BJ",2013,"Benin",480262,"Benin",93.2578219308733,4.9,1790.93256681602,10322232,NA,1,NA,-0.834388017654419,-0.541101515293121,0.260614424943924,-0.41591078042984,-0.626097977161407,0.116201959550381,4.845,4.80262,4652.69526978274,8.44520195857229,13.0820870673046
"95","BM",2013,"Bermuda",12766,"Bermuda",144.319799207236,95.3,52347.4969749938,65001,NA,NA,NA,1.28575420379639,1.00411212444305,0.991299271583557,1.3093386888504,1.14358532428741,1.04421508312225,1.63,0.12766,19639.6978508023,9.88530819741141,9.454540665816
"99","BN",2013,"Brunei Darussalam",48459,"Brunei Darussalam",112.214445742297,64.5,72871.4368052252,411499,NA,3.79999995231628,NA,0.721916913986206,0.858457863330841,1.08202767372131,1.09729421138763,0.612405598163605,-0.495128631591797,1.994,0.48459,11776.2133079303,9.37383695458944,10.7884733585819
"103","BO",2013,"Bolivia (Plurinational State of)",764862,"Bolivia",97.6994527325887,36.94,6290.85430737102,10399931,7.7,2.59999990463257,NA,-0.589369833469391,-0.397616863250732,-0.347890198230743,-0.788354396820068,-1.07108640670776,-0.102699123322964,3.221,7.64862,7354.49110191212,8.90306643987521,13.5474507043792
"107","BR",2013,"Brazil",1769639,"Brazil",135.305048102328,51.04,15726.4881003078,204259377,4.87,5.90000009536743,NA,-0.118236355483532,-0.0787747204303741,-0.282447516918182,0.063942976295948,-0.119385167956352,0.367190599441528,1.801,17.69639,866.368548651747,6.76431039384107,14.3862861289461
"111","BS",2013,"Bahamas",45950,"Bahamas, The",76.0518742679676,72,23235.1138341757,377841,NA,13.6000003814697,NA,1.35636258125305,0.862271964550018,1.11829280853271,0.156059667468071,0.598158061504364,0.905134081840515,1.888,0.4595,12161.2000815158,9.40600584156466,10.7353091277838
"115","BT",2013,"Bhutan",90123,"Bhutan",72.1983110218623,29.9,7397.81535670718,754637,NA,2.09999990463257,NA,0.823474109172821,0.35884028673172,0.800070524215698,-1.09779071807861,0.243206217885017,-0.183028325438499,2.232,0.90123,11942.5631131259,9.38786403000007,11.4089306829402
"119","BW",2013,"Botswana",56392,"Botswana",160.641052789905,15,15499.1498948483,2176510,NA,18.3999996185303,NA,0.911864459514618,0.368277758359909,1.08115077018738,0.654124796390533,0.585473418235779,0.471228420734406,2.619,0.56392,2590.9368668189,7.8597748139275,10.9400825834537
"123","BY",2013,"Belarus",1570882,"Belarus",118.786176033844,54.17,17650.6785254421,9466000,NA,5.80000019073486,NA,-0.520021617412567,-0.942722320556641,-0.0416075587272644,-1.09341669082642,-0.888814210891724,-1.53952360153198,1.62,15.70882,16594.992605113,9.71685627854464,14.2671478030227
"127","BZ",2013,"Belize",62570,"Belize",52.610726122326,33.6,8183.61837219183,344193,NA,14.6000003814697,NA,0.0180984605103731,-0.184886589646339,0.171360477805138,-0.49261885881424,-0.44881746172905,0.70199990272522,2.676,0.6257,18178.7543616517,9.80800884842323,11.0440412089924
"131","CA",2013,"Canada",1307417,"Canada",80.6100807396936,85.8,43033.1495657099,35158304,NA,7.09999990463257,NA,1.87480318546295,1.77094197273254,1.02995383739471,1.71787798404694,1.73991799354553,1.4583443403244,1.61,13.07417,3718.65776005578,8.2211180649677,14.0835639929828
"135","CD",2013,"Democratic Republic of the Congo",1200776,"Congo, Dem. Rep.",41.8165640718991,2.2,695.696844947893,72552861,NA,8,NA,-1.29802095890045,-1.44279682636261,-2.23328995704651,-1.25040757656097,-1.54909408092499,-1.46742498874664,5.933,12.00776,1655.03604330641,7.41157806600689,13.9984785724261
"139","CF",2013,"Central African Republic",135587,"Central African Republic",29.4665754848403,3.5,591.287014023445,4710678,NA,7.59999990463257,NA,-1.04179048538208,-1.65024101734161,-2.17964196205139,-1.18383729457855,-1.83426403999329,-1.528764128685,4.365,1.35587,2878.29055605159,7.96495183997881,11.8173687796861
"143","CG",2013,"Congo",185116,"Congo, Rep.",104.769504311508,6.6,5939.53700244961,4394334,NA,6.5,NA,-1.18746852874756,-1.20927286148071,-0.481263160705566,-1.35096645355225,-1.09240901470184,-1.1248300075531,4.969,1.85116,4212.60650646947,8.34583685777588,12.1287379345882
"147","CH",2013,"Switzerland",620378,"Switzerland",136.777239638403,86.34,56939.6702925391,8089346,NA,4.40000009536743,NA,2.13106799125671,1.80564153194427,1.37017011642456,1.63112533092499,1.79055047035217,1.64964330196381,1.52,6.20378,7669.0748547534,8.94495126841007,13.3380842486629
"151","CI",2013,"Côte d'Ivoire",978250,"Cote d'Ivoire",95.4460519609929,8.4,3031.67816865451,21622490,NA,4,NA,-0.778041064739227,-0.979258239269257,-1.02469193935394,-0.74420040845871,-0.934386193752289,-0.770473778247833,4.866,9.7825,4524.22454583168,8.4172014703614,13.7935205400727
"158","CL",2013,"Chile",604008,"Chile",134.289052917336,66.5,21967.5792959365,17575833,0.92,6,NA,1.51846694946289,1.24480497837067,0.376091569662094,1.48364639282227,1.33846640586853,1.09184157848358,1.82,6.04008,3436.5824937003,8.14223279542422,13.3113427218623
"162","CM",2013,"Cameroon",345240,"Cameroon",70.3904685004587,6.4,2835.52433979112,22211166,NA,4,NA,-1.19429898262024,-0.909976840019226,-0.53007847070694,-0.948534309864044,-1.05103850364685,-1.04260516166687,4.78,3.4524,1554.35333741596,7.34881487793685,12.7519951063336
"166","CN",2013,"China",9344919,"China",88.7083346182169,45.8,12196.074448963,1357380000,NA,4.59999990463257,NA,-0.357063204050064,-0.0290193967521191,-0.54618376493454,-0.300083488225937,-0.455933421850204,-1.57694184780121,1.668,93.44919,688.452680899969,6.53444658799271,16.0503433310975
"170","CO",2013,"Colombia",2448385,"Colombia",104.084543899334,51.7,12711.2555673937,47342363,6.12,10.5,NA,-0.438529133796692,0.0427801795303822,-1.28421175479889,0.392215341329575,-0.448545873165131,-0.116322226822376,2.286,24.48385,5171.65778142506,8.55094857015135,14.7109391814904
"174","CR",2013,"Costa Rica",130364,"Costa Rica",145.971647928252,45.96,14360.4665776662,4706433,1.68,7.59999990463257,NA,0.593616664409637,0.470227003097534,0.662778317928314,0.57633513212204,0.49557301402092,1.04970455169678,1.795,1.30364,2769.91088580248,7.92657042747344,11.7780858167397
"178","CU",2013,"Cuba",1476344,"Cuba",17.7149274132851,27.93,20611.0396347238,11362505,NA,3.20000004768372,NA,0.122845597565174,-0.439733415842056,0.370838344097137,-1.61973536014557,-0.627540767192841,-1.39549136161804,1.449,14.76344,12993.1207951064,9.47217532677682,14.2050793193184
"182","CV",2013,"Cape Verde",171685,"Cabo Verde",100.112448060421,37.5,6332.68773846275,507258,NA,7,NA,0.764068841934204,0.058065552264452,0.77359414100647,-0.121951170265675,0.475824385881424,0.891266286373138,2.292,1.71685,33845.6958786259,10.4295671174826,12.053416681392
"186","CW",2013,"Curaçao",84611,"Curacao",128.18216175359,NA,NA,153821,NA,NA,NA,NA,NA,NA,NA,NA,NA,NA,0.84611,55006.143504463,10.9152001580578,11.3458195607826
"190","CY",2013,"Cyprus",148102,"Cyprus",96.359425359676,65.4548,31198.0981361248,1141652,NA,15.8000001907349,NA,1.23855793476105,1.35081481933594,0.549555897712708,0.911052584648132,0.998311996459961,0.966322600841522,1.461,1.48102,12972.6046115629,9.47059507531136,11.9056565045536
"194","CZ",2013,"Czech Republic",449766,"Czech Republic",127.730782754233,74.1104,29017.8364426335,10514272,NA,6.90000009536743,NA,0.189346760511398,0.876195132732391,1.05212008953094,1.07962799072266,1.00228309631348,0.957797408103943,1.45,4.49766,4277.67134044088,8.36116406117473,13.0164827264996
"198","DE",2013,"Germany",3970078,"Germany",120.921165091394,84.17,43887.320875197,80645605,NA,5.30000019073486,NA,1.7776106595993,1.51811182498932,0.928079724311829,1.54603731632233,1.61544585227966,1.4078174829483,1.38,39.70078,4922.86963437127,8.50164689847547,15.1942962998255
"202","DJ",2013,"Djibouti",14085,"Djibouti",27.9658667570899,9.5,3027.73824661527,864554,NA,NA,NA,-0.440984487533569,-1.02739083766937,-0.120562754571438,-0.539736449718475,-0.755703210830688,-1.44479656219482,3.387,0.14085,1629.16370753013,7.39582209927407,9.55286568031047
"206","DK",2013,"Denmark",252435,"Denmark",127.117671596997,94.6297,43782.165053723,5614932,NA,7,NA,2.40998387336731,1.97060370445251,0.94898533821106,1.80221509933472,1.87331211566925,1.68249309062958,1.73,2.52435,4495.78018041893,8.41089449812269,12.4389090688153
"210","DM",2013,"Dominica",74793,"Dominica",129.959862783495,59,10342.6574314206,72005,NA,NA,NA,0.693593144416809,0.711593925952911,1.20941257476807,0.268775016069412,0.633917570114136,0.992519617080688,NA,0.74793,103871.953336574,11.5509142016345,11.2224795766957
"214","DO",2013,"Dominican Republic",1190441,"Dominican Republic",88.4335001544153,45.9,12325.1365449308,10281408,2.32,14.8999996185303,NA,-0.846589028835297,-0.491531729698181,0.182239770889282,-0.1071492806077,-0.532527387142181,0.0842096880078316,2.484,11.90441,11578.5795097325,9.35691207604938,13.9898343846721
"218","DZ",2013,"Algeria",1716202,"Algeria",100.787720546374,16.5,13676.4716541713,38186135,NA,9.80000019073486,NA,-0.467103868722916,-0.564920425415039,-1.18403828144073,-1.17916119098663,-0.663249969482422,-0.888667643070221,2.795,17.16202,4494.30663773645,8.41056668311367,14.3556242677198
"222","EC",2013,"Ecuador",1144408,"Ecuador",105.644477610006,40.3536842279418,10943.0055277226,15661312,4.43,4.19999980926514,NA,-0.609890758991241,-0.485855549573898,-0.182282507419586,-0.943097710609436,-0.950382649898529,-0.286396682262421,2.559,11.44408,7307.22943262991,8.89661947031701,13.9503980306964
"226","EE",2013,"Estonia",186281,"Estonia",159.660703312718,79.4,25823.3887479939,1317997,NA,8.80000019073486,NA,1.10800325870514,0.983886063098907,0.727804601192474,1.43301475048065,1.16498219966888,1.09429919719696,1.56,1.86281,14133.6437032861,9.55631331244899,12.1350115653447
"230","EG",2013,"Egypt",3469449,"Egypt, Arab Rep.",121.507893024476,29.4,10382.9330843549,87613909,NA,12.6999998092651,NA,-0.600145578384399,-0.874282419681549,-1.64825117588043,-0.655472695827484,-0.603718519210815,-1.04302251338959,2.77,34.69449,3959.92946736345,8.28398149281805,15.0595063496893
"237","EH",2013,"Western Sahara",101565,"Sub-Saharan Africa (all income levels)",66.0803059310985,16.8736596876995,3439.79452954882,948287652,NA,7.65826613215255,NA,NA,NA,NA,NA,NA,NA,5.05002501935159,1.01565,10.7103577470183,2.37121128698473,11.5284542665879
"238","EH",2013,"Western Sahara",101565,"Sub-Saharan Africa (developing only)",66.0711169248031,16.8707167168141,3413.48999650539,947400670,NA,7.65788200653231,NA,NA,NA,NA,NA,NA,NA,5.05047842980076,1.01565,10.7203850721364,2.37214707590576,11.5284542665879
"242","ER",2013,"Eritrea",356702,"Eritrea",5.60297546159998,0.9,1514.80184784702,4998824,NA,7.19999980926514,NA,-0.795023500919342,-1.59488773345947,-0.775558412075043,-2.21793794631958,-1.3893917798996,-2.14921855926514,4.696,3.56702,7135.71832094909,8.8728682005196,12.7846559782839
"246","ES",2013,"Spain",1170717,"Spain",106.886714573879,71.635,33092.3754706122,46620045,NA,26.6000003814697,NA,0.813089549541473,1.14608538150787,0.0327305719256401,0.930814564228058,0.996367931365967,0.965697109699249,1.32,11.70717,2511.18805226378,7.82851124773679,13.9731269395889
"250","ET",2013,"Ethiopia",585853,"Ethiopia",27.2546853927507,1.9,1373.29369528619,94558374,NA,5.69999980926514,NA,-0.504982233047485,-0.56569504737854,-1.37763357162476,-1.1361221075058,-0.621730804443359,-1.29292273521423,4.519,5.85853,619.567548824391,6.42902173277537,13.2808241838479
"254","FI",2013,"Finland",308420,"Finland",136.578673993421,91.5144,39869.2995728749,5438972,NA,8.19999980926514,NA,2.19195413589478,2.16752052307129,1.35727941989899,1.84676909446716,1.92573058605194,1.58468723297119,1.8,3.0842,5670.55686258359,8.64304260399518,12.6392177694116
"258","FJ",2013,"Fiji",197057,"Fiji",105.600154358645,37.1,7755.3602430746,880487,NA,8.10000038146973,NA,-0.420134603977203,-0.956879615783691,-0.0277168434113264,-0.572697758674622,-0.841408371925354,-0.811907649040222,2.588,1.97057,22380.4553616351,10.0159433284701,12.1912483059709
"262","FM",2013,"Micronesia (Federated States of)",29318,"Micronesia, Fed. Sts.",30.3170479676289,27.8,3389.04683231521,103718,NA,NA,NA,-0.169033885002136,-0.558830440044403,1.1071834564209,-0.968624353408813,0.0742836594581604,1.01927053928375,3.294,0.29318,28267.0317591932,10.2494514490377,10.28595694085
"266","FO",2013,"Faeroe Islands",13390,"Faeroe Islands",120.681639006246,90,NA,48292,NA,NA,NA,NA,NA,NA,NA,NA,NA,NA,0.1339,27727.1597780171,10.2301677092032,9.50226343868522
"270","FR",2013,"France",2061829,"France",98.4954724808714,81.9198,37591.6893444519,65925498,NA,10.3999996185303,NA,1.30212104320526,1.46925854682922,0.441072136163712,1.14893782138824,1.39829540252686,1.20086753368378,2.01,20.61829,3127.51372769304,8.04799363168173,14.5391040109253
"274","GA",2013,"Gabon",31177,"Gabon",214.750037536392,9.2,18397.6246362121,1650351,NA,19.6000003814697,NA,-0.557560801506042,-0.70187908411026,0.340913206338882,-0.563169240951538,-0.516486585140228,-0.857715487480164,4.087,0.31177,1889.11328559803,7.54386283690396,10.34743592246
"278","GB",2013,"United Kingdom of Great Britain and Northern Ireland",5178027,"United Kingdom",124.609807057798,89.8441,38255.1533575628,64106779,NA,7.5,NA,1.68216216564178,1.47076547145844,0.487454771995544,1.76283144950867,1.67331910133362,1.31701040267944,1.92,51.78027,8077.19102530483,8.99679944568941,15.4599346536485
"282","GD",2013,"Grenada",57910,"Grenada",125.593737310783,35,11645.8936930459,105902,NA,NA,NA,0.410913050174713,0.26959639787674,0.412017166614532,0.354661107063293,0.156656354665756,0.819371402263641,2.17,0.5791,54682.6311117826,10.9093014080376,10.9666453602198
"286","GE",2013,"Georgia",739045,"Georgia",115.025104269972,43.3,7159.82461391653,4487200,11.49,14.3000001907349,NA,0.352309793233871,0.53256219625473,-0.433741480112076,0.735221147537231,-0.0248608998954296,0.0993591770529747,1.817,7.39045,16470.0704225352,9.70930009896917,13.5131140911752
"289","GF",2013,"French Guiana",4376,"French Guiana",NA,NA,NA,NA,NA,NA,NA,1.12850534915924,1.06821691989899,0.222157806158066,1.29788160324097,1.14058995246887,1.13143849372864,NA,0.04376,NA,NA,8.38389034410182
"293","GH",2013,"Ghana",719236,"Ghana",108.19114815061,12.3,3961.36669384107,26164432,NA,4.59999990463257,NA,-0.081666074693203,-0.134413197636604,0.0308449231088161,0.06893390417099,0.102853417396545,0.410417348146439,3.857,7.19236,2748.9073716563,7.91895879231064,13.4859448165042
"297","GL",2013,"Greenland",17729,"Greenland",105.989085229965,65.8,NA,56483,NA,NA,NA,1.23017692565918,0.906152546405792,1.91460180282593,1.39913177490234,1.6927844285965,1.23616552352905,2.05,0.17729,31388.2053007099,10.3541874739648,9.78295699589838
"301","GM",2013,"Gambia",69334,"Gambia, The",99.9766936951308,14,1645.73313017309,1866878,NA,7,NA,-0.701253414154053,-0.691639959812164,-0.0477853454649448,-0.370916575193405,-0.586862206459045,-1.25262367725372,5.751,0.69334,3713.90096192681,8.21983807540923,11.1466906853537
"305","GN",2013,"Guinea",395857,"Guinea",63.3150390342803,1.6,1231.71447035091,11948726,NA,1.79999995231628,NA,-1.05090570449829,-1.22579574584961,-1.22277355194092,-1.00872397422791,-1.41618287563324,-1.06020259857178,4.915,3.95857,3312.96407667227,8.10559855909963,12.8888083139092
"309","GQ",2013,"Equatorial Guinea",119125,"Equatorial Guinea",67.4733888673129,16.4,32039.3364172051,797082,NA,8,NA,-1.60917210578918,-1.58564341068268,0.0765898674726486,-1.39956295490265,-1.31778717041016,-1.96228313446045,4.845,1.19125,14945.137388625,9.61214126762493,11.6879286409565
"313","GR",2013,"Greece",903714,"Greece",116.820647753997,59.8663,25666.7157509314,11027549,NA,27.2999992370605,NA,-0.106362454593182,0.449060469865799,-0.170736908912659,0.612566471099854,0.438197731971741,0.653833985328674,1.29,9.03714,8195.05766875305,9.01128652821883,13.7142682176368
"317","GT",2013,"Guatemala",1049865,"Guatemala",140.393535047348,19.7,7193.42891263695,15690793,NA,2.79999995231628,NA,-0.577307105064392,-0.711823105812073,-0.684236645698547,-0.212282031774521,-1.11173141002655,-0.403580844402313,3.783,10.49865,6690.96201829952,8.80851294223099,13.8641721424391
"321","GU",2013,"Guam",2789,"Guam",NA,65.4,NA,165121,NA,NA,NA,0.81892204284668,-0.0413926169276237,0.83397650718689,0.597457647323608,1.14358532428741,0.826262891292572,2.405,0.02789,1689.06438308876,7.43193003513917,7.93343838762749
"325","GW",2013,"Guinea-Bissau",90392,"Guinea-Bissau",55.1507256836565,3.1,1364.65291306075,1757138,NA,7.09999990463257,NA,-1.33020186424255,-1.49552237987518,-0.892050564289093,-1.27446436882019,-1.62274730205536,-1.41422140598297,4.927,0.90392,5144.27438254707,8.54563960480344,11.4119110468891
"329","GY",2013,"Guyana",462187,"Guyana",69.4129535162635,35,6877.63306297952,761033,NA,11.1000003814697,NA,-0.645271360874176,-0.163155317306519,-0.43848842382431,-0.615247130393982,-0.524987637996674,-0.00874507334083319,2.546,4.62187,60731.5320097814,11.0142183151465,13.0437248500746
"333","HK",2013,"China, Hong Kong Special Administrative Region",788568,"Hong Kong SAR, China",237.351877527473,74.2,53366.7059858032,7187500,NA,3.29999995231628,NA,1.63121294975281,1.73306262493134,0.883807301521301,1.92805552482605,1.54343223571777,0.704145014286041,1.124,7.88568,10971.3808695652,9.30304542224491,13.5779739213624
"337","HN",2013,"Honduras",659606,"Honduras",95.919168533043,17.8,4427.56753091049,7849059,18.93,4.19999980926514,NA,-0.95060807466507,-0.743174731731415,-0.488259732723236,-0.199612468481064,-1.22850286960602,-0.507311165332794,3.001,6.59606,8403.63156908363,9.03641922105668,13.3993979660483
"341","HR",2013,"Croatia",757903,"Croatia",110.054306650746,66.7476,21350.5225293793,4255700,NA,17.7000007629395,NA,0.105625651776791,0.689118266105652,0.611005246639252,0.438857793807983,0.26470085978508,0.474761813879013,1.51,7.57903,17809.1265831708,9.78746633427099,13.5383106880981
"345","HT",2013,"Haiti",1170752,"Haiti",69.3988569474602,10.6,1683.63299590631,10431249,NA,7,NA,-1.15519499778748,-1.52964353561401,-0.653400778770447,-0.946165680885315,-1.29922962188721,-0.789568603038788,3.148,11.70752,11223.5073671427,9.32576572979471,13.973156835351
"349","HU",2013,"Hungary",527429,"Hungary",116.427872350022,72.6439,23336.2464442155,9893082,NA,10.1999998092651,NA,0.286834448575974,0.644293487071991,0.779447078704834,0.88344544172287,0.563431203365326,0.732152223587036,1.34,5.27429,5331.29109816334,8.5813487201272,13.175769538117
"353","ID",2013,"Indonesia",2992338,"Indonesia",125.358142593048,14.94,9995.03229475323,251268276,NA,6.30000019073486,NA,-0.622196793556213,-0.237653493881226,-0.497110366821289,-0.199239879846573,-0.554431974887848,0.00251870648935437,2.338,29.92338,1190.89367254623,7.08245928959016,14.9115655796105
"357","IE",2013,"Ireland",771572,"Ireland",105.466210146022,78.2477,45677.1260018616,4598294,NA,13.1000003814697,NA,1.53836286067963,1.46452689170837,0.877167999744415,1.5727151632309,1.7209016084671,1.31211018562317,2.01,7.71572,16779.5273638441,9.72791481298828,13.556185271123
"361","IL",2013,"Israel",356445,"Israel",122.847835240104,70.8,32490.6207427851,8059500,NA,6.30000019073486,NA,0.842135369777679,1.21717166900635,-1.08932602405548,1.14801728725433,0.952497780323029,0.630750834941864,3.03,3.56445,4422.66890005583,8.39449861638571,12.7839352292346
"365","IM",2013,"Isle of Man",1241,"Isle of Man",NA,NA,NA,86462,NA,NA,NA,NA,NA,NA,NA,NA,NA,NA,0.01241,1435.31262288635,7.26913796013655,7.12367278520461
"369","IN",2013,"India",14165774,"India",70.7831816701051,15.1,5301.79393849028,1279498874,NA,3.59999990463257,NA,-0.559140861034393,-0.189571186900139,-1.18257772922516,-0.480743736028671,-0.0989919900894165,0.411738783121109,2.479,141.65774,1107.13454211293,7.00953046291426,16.4663393314765
"373","IQ",2013,"Iraq",2318696,"Iraq",96.1047742837958,9.2,15705.5169554471,33781385,NA,16,NA,-1.25212335586548,-1.0779402256012,-2.0193350315094,-1.2583281993866,-1.47144949436188,-1.09650683403015,4.026,23.18696,6863.82751920917,8.83402051253174,14.656515516657
"377","IR",2013,"Iran (Islamic Republic of)",1058557,"Iran, Islamic Rep.",84.2461005159027,29.95,16128.1468648736,77152445,0.08,13.1999998092651,NA,-0.680513024330139,-0.696051597595215,-1.25696182250977,-1.49926817417145,-0.982743501663208,-1.60014200210571,1.92,10.58557,1372.03299260315,7.22404885508355,13.8724172178946
"381","IS",2013,"Iceland",35771,"Iceland",108.111126284006,96.5468,42035.2926171244,323764,NA,5.59999990463257,NA,1.90105843544006,1.48284828662872,1.25863933563232,1.10740351676941,1.64517331123352,1.45792543888092,2.04,0.35771,11048.4797568599,9.31004811891639,10.4848927882503
"385","IT",2013,"Italy",2963875,"Italy",158.817293123624,58.4593,35074.9728120749,60233948,NA,12.1999998092651,NA,-0.039605226367712,0.451580107212067,0.499329835176468,0.771321058273315,0.356984883546829,0.93489009141922,1.43,29.63875,4920.60556947056,8.50118688513796,14.9020080917693
"389","JM",2013,"Jamaica",1094899,"Jamaica",102.238164753754,37.1,8892.58137838714,2714734,NA,15,NA,-0.370220154523849,-0.0158507060259581,0.17260468006134,0.225972324609756,-0.387033998966217,0.497975885868073,2.26,10.94899,40331.7231080467,10.6048936121728,13.9061726795357
"393","JO",2013,"Jordan",639233,"Jordan",141.796274546492,41,11782.4670742778,6460000,NA,12.6000003814697,NA,0.0857950299978256,-0.111827403306961,-0.616127371788025,0.115630127489567,0.387306958436966,-0.816731512546539,3.244,6.39233,9895.24767801858,9.19980988834681,13.3680242991354
"397","JP",2013,"Japan",882123,"Japan",116.315425827606,89.71,36223.3406743794,127338621,NA,4,NA,1.647008061409,1.59465074539185,0.992967486381531,1.10407948493958,1.40951597690582,1.09990608692169,1.43,8.82123,692.737987165732,6.54065184279985,13.6900867810482
"401","KE",2013,"Kenya",439925,"Kenya",71.7640455221641,39,2838.37906576205,43692881,NA,9.19999980926514,NA,-1.05966246128082,-0.470187664031982,-1.14862132072449,-0.312675505876541,-0.747327446937561,-0.246217846870422,4.382,4.39925,1006.85738713362,6.91458926117351,12.99435953682
"405","KG",2013,"Kyrgyzstan",718186,"Kyrgyz Republic",121.449818910986,23,3223.8952896371,5719600,NA,8,NA,-1.12496984004974,-0.69264155626297,-0.913517534732819,-0.329303950071335,-1.13860380649567,-0.565450131893158,3.2,7.18186,12556.5773830338,9.43799990153614,13.4844838674067
"409","KH",2013,"Cambodia",1113662,"Cambodia",133.890239349161,6.8,3051.02493746359,15078564,NA,0.300000011920929,NA,-1.0147271156311,-0.921907901763916,-0.172017440199852,-0.351872771978378,-0.989801108837128,-0.979937374591827,2.861,11.13662,7385.72983475084,8.90730501672441,13.9231642422998
"413","KI",2013,"Kiribati",4793,"Kiribati",16.6095104102549,11.5,1749.90848769123,108544,NA,NA,NA,-0.040763545781374,-0.849141299724579,1.32207322120667,-1.37702107429504,0.140145823359489,0.815877914428711,2.952,0.04793,4415.72081367925,8.39292636441834,8.47491179915963
"417","KM",2013,"Comoros",108901,"Comoros",47.2842511467281,6.5,1464.45988178486,751697,NA,6.5,NA,-0.728022933006287,-1.56903100013733,-0.187545135617256,-1.22079944610596,-0.986018180847168,-0.517402231693268,4.714,1.08901,14487.353281974,9.58103136038182,11.5981944916153
"421","KN",2013,"Saint Kitts and Nevis",28756,"St. Kitts and Nevis",142.090014947131,64.6,21259.8895563898,54301,NA,NA,NA,0.976273238658905,0.900251448154449,0.976155757904053,0.401961386203766,0.72735583782196,1.14015924930573,NA,0.28756,52956.6674646876,10.8772292631153,10.2666017201038
"425","KP",2013,"Democratic People's Republic of Korea",211216,"Korea, Dem. Rep.",9.72064005192911,NA,NA,24895705,NA,4.59999990463257,NA,-1.3581440448761,-1.92662680149078,-0.542066633701324,-2.51848030090332,-1.28601086139679,-2.19202876091003,1.988,2.11216,848.403369175526,6.74335619389378,12.2606365855205
"429","KR",2013,"Republic of Korea",2594382,"Korea, Rep.",110.998467846808,84.77,33089.0800299848,50219669,NA,3.09999990463257,NA,0.545945882797241,1.12171387672424,0.249162584543228,0.983107566833496,0.937384366989136,0.688367009162903,1.187,25.94382,5166.0675023565,8.54986704022866,14.7688588959308
"433","KW",2013,"Kuwait",323034,"Kuwait",190.288347703419,75.46,76886.0972089803,3593689,NA,3.09999990463257,NA,-0.154314681887627,-0.072915606200695,0.140271782875061,-0.0860611796379089,0.38761368393898,-0.649073243141174,2.6,3.23034,8988.92475114012,9.10374851532244,12.6855128598229
"437","KY",2013,"Cayman Islands",4391,"Cayman Islands",167.769316334389,74.1,NA,58369,NA,NA,NA,1.35748529434204,1.20553338527679,1.0600380897522,1.11119961738586,0.893026173114777,0.513917088508606,NA,0.04391,7522.82889890181,8.92569752956927,8.38731227056172
"441","KZ",2013,"Kazakhstan",3787623,"Kazakhstan",184.69475479767,54,23213.8812187455,17035275,0.04,5.19999980926514,NA,-0.900852859020233,-0.536594450473785,-0.382074773311615,-0.382928669452667,-0.66698169708252,-1.22439658641815,2.64,37.87623,22233.9997446475,10.0093779163088,15.14724920352
"445","LA",2013,"Lao People's Democratic Republic",1291837,"Lao PDR",68.1358642674956,12.5,4960.96982673723,6579985,NA,1.39999997615814,NA,-0.89969527721405,-0.758013129234314,0.0639320686459541,-0.850012481212616,-0.769388675689697,-1.58771634101868,3.02,12.91837,19632.8259106974,9.88495823568159,14.071575794375
"449","LB",2013,"Lebanon",683061,"Lebanon",80.5636740660614,70.5,17073.9029956332,4493438,NA,6.5,NA,-0.926376760005951,-0.390951931476593,-1.69467401504517,-0.0863801911473274,-0.776296436786652,-0.44068631529808,1.495,6.83061,15201.300207102,9.62913624311696,13.4343394464243
"453","LC",2013,"Saint Lucia",56027,"St. Lucia",116.30905290416,46.2,10485.9133907136,182305,NA,NA,NA,1.1729724407196,0.9649338722229,0.867303550243378,0.417995005846024,0.745211720466614,1.17731428146362,1.912,0.56027,30732.5635610652,10.3330780737429,10.9335889963809
"457","LI",2013,"Liechtenstein",3918,"Liechtenstein",104.067704807041,93.8,NA,37040,NA,NA,NA,1.83336842060089,1.73245632648468,1.41218388080597,1.55718600749969,1.5856761932373,1.46290445327759,1.51,0.03918,10577.7537796976,9.2665083747146,8.27333659850449
"461","LK",2013,"Sri Lanka",1245187,"Sri Lanka",95.4963205396003,21.9,9737.74757425328,20483000,NA,4.19999980926514,NA,-0.23042157292366,-0.232204928994179,-0.590670466423035,-0.161955386400223,-0.271457642316818,-0.618987023830414,2.339,12.45187,6079.12415173559,8.71261591059258,14.0347962774051
"465","LR",2013,"Liberia",352252,"Liberia",59.402171875353,3.2,844.243544350797,4293692,NA,3.70000004768372,NA,-0.680935680866241,-1.37285566329956,-0.459383249282837,-0.919565975666046,-0.924866855144501,-0.444330126047134,4.792,3.52252,8203.9419688231,9.01237004564496,12.7721021075305
"469","LS",2013,"Lesotho",323320,"Lesotho",86.3015283458627,5,2544.10076329294,2083061,NA,24.7000007629395,NA,0.226149216294289,-0.435246855020523,0.322951763868332,-0.362691521644592,-0.261203765869141,0.0780977681279182,3.038,3.2332,15521.3889559643,9.64997428431814,12.6863978238478
"473","LT",2013,"Lithuania",570979,"Lithuania",151.344958605312,68.4529,25714.7327905742,2957689,NA,11.8000001907349,NA,0.364441961050034,0.824294090270996,0.935687780380249,1.13474059104919,0.791025578975677,0.917858183383942,1.6,5.70979,19304.903253858,9.86811439723061,13.2551077103786
"477","LU",2013,"Luxembourg",56076,"Luxembourg",148.642671292281,93.7765,91047.5888834933,543360,NA,5.90000009536743,NA,2.11595702171326,1.61520671844482,1.33127331733704,1.7676146030426,1.78764498233795,1.61005985736847,1.57,0.56076,10320.2296819788,9.24186129479359,10.9344631924884
"481","LV",2013,"Latvia",333632,"Latvia",124.761195463921,75.2344,22533.6121366222,2012647,NA,11.1000003814697,NA,0.264981329441071,0.881893277168274,0.589756906032562,1.02891314029694,0.74587482213974,0.736426711082459,1.44,3.33632,16576.7767522074,9.71575800401243,12.7177938681278
"485","LY",2013,"Libya",142192,"Libya",165.044994606968,16.5,20204.7854121012,6265987,NA,19.6000003814697,NA,-1.51807963848114,-1.48030388355255,-1.80868053436279,-1.87032616138458,-1.36317181587219,-0.996131479740143,2.356,1.42192,2269.26739554359,7.72721232514516,11.8649335359783
"489","MA",2013,"Morocco",2854502,"Morocco",128.525209683063,56,7107.67517299995,33452686,NA,9.19999980926514,NA,-0.360095947980881,-0.0378900170326233,-0.484969645738602,-0.130387187004089,-0.255944043397903,-0.726118922233582,2.735,28.54502,8532.95307886488,9.05169077973615,14.8644079550343
"493","MC",2013,"Monaco",52544,"Monaco",93.743226454495,90.7,NA,37528,NA,NA,NA,NA,NA,1.05800795555115,NA,0.941396713256836,0.834031999111176,NA,0.52544,140012.790449797,11.849489057774,10.8694061928121
"497","MD",2013,"Republic of Moldova",851512,"Moldova",106.011406272762,45,4692.15920691803,3558566,0.08,5.09999990463257,NA,-0.740228474140167,-0.39845022559166,-0.0190479066222906,-0.0870507583022118,-0.410166293382645,-0.105694375932217,1.456,8.51512,23928.5150254344,10.0828261240431,13.654768871763
"501","ME",2013,"Montenegro",283180,"Montenegro",159.949982538949,60.31,14135.6178527044,621207,1.69,19.7999992370605,NA,-0.247776210308075,0.157211422920227,0.464001923799515,0.0490041375160217,0.0200888607650995,0.181895762681961,1.666,2.8318,45585.4489727257,10.7273438431035,12.553838016839
"505","MG",2013,"Madagascar",164873,"Madagascar",36.9080697623727,3,1413.98004283006,22924557,NA,3.59999990463257,NA,-0.68003648519516,-1.1485093832016,-0.704293787479401,-0.664333522319794,-0.899805188179016,-0.78440910577774,4.468,1.64873,719.198194320614,6.57813697247658,12.0129307595442
"509","MH",2013,"Marshall Islands",9821,"Marshall Islands",NA,14,3889.68483088923,52786,NA,NA,NA,-0.020365783944726,-1.57988584041595,1.09511208534241,-1.10430037975311,0.125097021460533,1.19688701629639,NA,0.09821,18605.3120145493,9.83120241110768,9.19227822915777
"513","MK",2013,"The former Yugoslav Republic of Macedonia",515396,"Macedonia, FYR",106.173813259376,65.24,12468.3574427875,2072543,NA,29,NA,0.0199628639966249,-0.0612519830465317,-0.370563298463821,0.323606759309769,-0.200966536998749,-0.0382711216807365,1.431,5.15396,24867.8073265549,10.1213293675128,13.1526908162079
"517","ML",2013,"Mali",869894,"Mali",129.066937225724,3.5,1513.93128794436,16592097,NA,8.19999980926514,NA,-0.738361954689026,-0.882940649986267,-1.70347762107849,-0.508308172225952,-0.750088632106781,-0.306446671485901,6.847,8.69894,5242.8213263218,8.56461505347226,13.6761266441273
"521","MM",2013,"Myanmar",2647982,"Myanmar",12.8285880148973,1.6,NA,52983829,NA,3.40000009536743,NA,-1.06812179088593,-1.50888419151306,-1.15460824966431,-1.50984156131744,-1.22012591362,-1.49741852283478,1.938,26.47982,4997.71732239284,8.51673655165074,14.7893083984329
"525","MN",2013,"Mongolia",65654,"Mongolia",124.184126297563,20,11113.1578687708,2859174,NA,4.90000009536743,NA,-0.461798340082169,-0.540633380413055,0.485754817724228,-0.286149084568024,-0.369658261537552,0.073003388941288,2.436,0.65654,2296.25759047893,7.73903594212166,11.0921538070447
"529","MO",2013,"China, Macao Special Administrative Region",136980,"Macao SAR, China",304.082101081439,65.8,140644.394985026,568056,NA,1.79999995231628,NA,0.589100480079651,1.03947353363037,0.769782543182373,1.33265495300293,0.629890739917755,-0.297740817070007,1.083,1.3698,24113.8197642486,10.0905403893294,11.8275902087519
"533","MP",2013,"Northern Mariana Islands",10043,"Northern Mariana Islands",NA,NA,NA,53869,NA,NA,NA,NA,NA,NA,NA,NA,NA,NA,0.10043,18643.3755963541,9.83324616606901,9.21463115339334
"536","MQ",2013,"Martinique",17273,"Martinique",NA,NA,NA,NA,NA,NA,NA,0.81892204284668,0.742735981941223,0.676653742790222,0.834751307964325,0.884485840797424,0.608310699462891,NA,0.17273,NA,NA,9.75689986769328
"540","MR",2013,"Mauritania",135803,"Mauritania",102.527455859821,6.2,3713.64069737211,3872684,NA,31,NA,-0.797520041465759,-0.978479385375977,-1.00294089317322,-0.66995245218277,-0.972011566162109,-0.957543313503265,4.67,1.35803,3506.68941746861,8.16242768547382,11.8189605851735
"544","MT",2013,"Malta",109541,"Malta",129.754501123533,68.9138,29126.8266232678,423374,NA,6.5,NA,0.990266084671021,1.24800658226013,1.00518417358398,1.28725707530975,1.32186257839203,1.13482570648193,1.43,1.09541,25873.3413010719,10.1609684242065,11.6040541873813
"548","MU",2013,"Mauritius",169374,"Mauritius",123.239818611816,39,17713.6563605574,1258653,NA,8.30000019073486,NA,0.359937191009521,0.866962790489197,0.935072004795074,0.926024794578552,0.915610373020172,0.8971186876297,1.44,1.69374,13456.7668769709,9.50723737204024,12.0398645665396
"552","MV",2013,"Maldives",1327,"Maldives",181.194007356031,44.1,13555.7373115964,351111,NA,11.6000003814697,NA,-0.524540066719055,-0.280170381069183,0.2210903018713,-0.394063174724579,-0.68205326795578,-0.427070528268814,2.256,0.01327,377.943157576949,5.93474380753131,7.19067603433221
"556","MW",2013,"Malawi",282036,"Malawi",32.3301594425862,5.05,790.025985952137,16190126,NA,7.59999990463257,NA,-0.624456346035004,-0.532852113246918,-0.213332489132881,-0.696792423725128,-0.187442064285278,-0.185530871152878,5.389,2.82036,1742.02473779389,7.46280335811178,12.5497900013469
"560","MX",2013,"Mexico",13212419,"Mexico",84.8194794250704,43.46,16200.5820569466,123740109,NA,4.90000009536743,NA,-0.475951284170151,0.307495653629303,-0.72891104221344,0.458936184644699,-0.577911734580994,0.0793628841638565,2.185,132.12419,10677.5556501247,9.27589921460789,16.3966677785837
"564","MY",2013,"Malaysia",1673671,"Malaysia",144.715316654981,66.97,23536.8077752542,29465372,NA,3.20000004768372,NA,0.404258161783218,1.10022068023682,0.0505137890577316,0.620184719562531,0.475922554731369,-0.320529818534851,1.964,16.73671,5680.12852510398,8.64472913911835,14.3305299754711
"568","MZ",2013,"Mozambique",797355,"Mozambique",48.0042155703902,5.4,1073.35422253047,26467180,NA,8.30000019073486,NA,-0.636260628700256,-0.61501407623291,-0.278347045183182,-0.415159732103348,-0.84094500541687,-0.287314176559448,5.188,7.97355,3012.61789129027,8.01056471107146,13.5890552789284
"575","NA",2013,"Namibia",137498,"Namibia",118.434213296922,13.9,9405.25066166628,2346592,NA,16.8999996185303,NA,0.28447550535202,0.199923008680344,0.926425814628601,0.0753257945179939,0.255479484796524,0.386710166931152,3.051,1.37498,5859.4762106067,8.67581549472057,11.8313646505284
"576",NA,2013,"Channel Islands",27767,"Namibia",118.434213296922,13.9,9405.25066166628,2346592,NA,16.8999996185303,NA,0.28447550535202,0.199923008680344,0.926425814628601,0.0753257945179939,0.255479484796524,0.386710166931152,3.051,0.27767,1183.29049106108,7.07605438840883,10.2316035442167
"580","NC",2013,"New Caledonia",6355,"New Caledonia",93.7636454369659,66,NA,262000,NA,NA,NA,NA,NA,NA,NA,NA,NA,2.28,0.06355,2425.57251908397,7.79382286585055,8.75699718362355
"584","NE",2013,"Niger",271493,"Niger",39.2922096967855,1.7,900.151133532993,18358863,NA,5.09999990463257,NA,-0.560547709465027,-0.720956742763519,-1.32480931282043,-0.578046441078186,-0.725987076759338,-0.348095208406448,7.561,2.71493,1478.81162357386,7.29899408717079,12.511691635335
"588","NG",2013,"Nigeria",1029466,"Nigeria",73.2919616062739,38,5628.19057435705,172816517,NA,7.5,NA,-1.20179665088654,-1.00379002094269,-2.07843732833862,-0.673475503921509,-1.16149306297302,-0.745435953140259,5.976,10.29466,595.698847466067,6.38973524987713,13.844550779164
"592","NI",2013,"Nicaragua",655117,"Nicaragua",111.980176558488,15.5,4682.97352168953,5945646,NA,7.19999980926514,NA,-0.731381475925446,-0.815979182720184,-0.26319083571434,-0.304963856935501,-0.646483719348907,-0.447766184806824,2.498,6.55117,11018.4326480251,9.30732484464465,13.3925691246199
"596","NL",2013,"Netherlands",998666,"Netherlands",116.156894807034,93.9564,46162.0916473842,16804432,NA,6.69999980926514,NA,2.04584789276123,1.76690697669983,1.11686170101166,1.76463854312897,1.80892813205719,1.58387804031372,1.72,9.98666,5942.87268977613,8.68994791325872,13.8141756673942
"600","NO",2013,"Norway",197601,"Norway",116.268422032689,95.0534,65640.1626547168,5079623,NA,3.5,NA,2.2856547832489,1.86416101455688,1.32992041110992,1.65312194824219,1.96806371212006,1.75945580005646,1.85,1.97601,3890.07215692976,8.26618298577972,12.1940051250118
"604","NP",2013,"Nepal",1044688,"Nepal",76.8497960083183,13.3,2241.72770578805,27834981,NA,2.70000004768372,NA,-0.677961051464081,-0.926794707775116,-1.11245000362396,-0.866101562976837,-0.755781292915344,-0.568469166755676,2.3,10.44688,3753.14788251517,8.23035020217304,13.8592288342085
"607","NR",2013,"Nauru",1549,"Nauru",NA,NA,NA,NA,NA,NA,NA,-0.576647400856018,-0.587633192539215,1.09511208534241,-1.3884996175766,0.580188155174255,1.06585586071014,NA,0.01549,NA,NA,7.34536484041687
"614","NZ",2013,"New Zealand",754943,"New Zealand",105.775694716164,82.78,35217.0883493399,4442100,NA,6.19999980926514,NA,2.34840297698975,1.74551773071289,1.4541118144989,1.81600713729858,1.86010301113129,1.62209343910217,1.95,7.54943,16995.182458747,9.74068519809771,13.5343975286924
"618","OM",2013,"Oman",24029,"Oman",154.645907824044,66.45,40121.6743587981,3906912,NA,7.90000009536743,NA,0.0779072344303131,0.211712762713432,0.449721306562424,0.471055835485458,0.556229054927826,-1.00182199478149,2.853,0.24029,615.03816825155,6.42168432807838,10.0870167132162
"622","PA",2013,"Panama",149952,"Panama",162.974299784947,44.03,19714.2249100777,3805683,2.86,4.09999990463257,NA,-0.361672222614288,0.321419656276703,-0.132999032735825,0.37004941701889,-0.239741578698158,0.408430367708206,2.466,1.49952,3940.21257156731,8.27898995301106,11.9180705218675
"626","PE",2013,"Peru",1373387,"Peru",98.0829812662485,39.2,11699.5145959022,30565461,3.7,3.90000009536743,NA,-0.438845485448837,-0.142119005322456,-0.767692744731903,0.450901210308075,-0.609447658061981,0.0376169867813587,2.417,13.73387,4493.26447260193,8.41033477059217,14.132790509564
"630","PF",2013,"French Polynesia",4440,"French Polynesia",85.575676134537,56.8,NA,276766,NA,NA,NA,NA,NA,NA,NA,NA,NA,2.058,0.0444,1604.24329578055,7.3804074575853,8.39840965542627
"634","PG",2013,"Papua New Guinea",39066,"Papua New Guinea",40.9765420224,6.5,2647.33492172266,7308864,NA,2.09999990463257,NA,-1.04327762126923,-0.71203339099884,-0.545193314552307,-0.520071148872375,-0.977344155311584,0.0174907743930817,3.781,0.39066,534.501668111488,6.28133485134234,10.5730078024649
"638","PH",2013,"Philippines",5481683,"Philippines",104.502321462578,37,6590.79654946885,97571676,NA,7.09999990463257,NA,-0.403434038162231,0.0595057383179665,-1.05686485767365,-0.072947733104229,-0.4270940721035,-0.0121263368055224,3.043,54.81683,5618.10888643544,8.63375038918435,15.5169227285618
"642","PK",2013,"Pakistan",5682673,"Pakistan",70.1303759844334,10.9,4625.72008073426,181192646,NA,5.09999990463257,NA,-0.935050368309021,-0.799789011478424,-2.59625744819641,-0.713530957698822,-0.879258990287781,-0.831067442893982,3.185,56.82673,3136.26028729665,8.05078637780172,15.5529322785921
"646","PL",2013,"Poland",3662384,"Poland",149.078543937738,62.8492,23994.3006010812,38040196,NA,10.3999996185303,NA,0.547285079956055,0.708149433135986,0.960940003395081,1.04221796989441,0.785333752632141,0.97297590970993,1.3,36.62384,9627.66858509352,9.17239637632189,15.1136248594509
"650","PR",2013,"Puerto Rico",1712357,"Puerto Rico",83.6464209430966,73.9,34937.6779868656,3595839,NA,14.1999998092651,NA,0.500198483467102,0.363637506961823,0.254844218492508,0.842743277549744,0.679347038269043,0.65676486492157,1.636,17.12357,47620.5135991906,10.77101890535,14.3533813419823
"654","PS",2013,"State of Palestine",3640155,"West Bank and Gaza",73.7405331813942,46.6,4647.23362473087,4169506,NA,23.3999996185303,NA,-0.534117996692657,-0.77471250295639,-1.75610041618347,0.152405232191086,-0.439968705177307,-0.868890047073364,4.01,36.40155,87304.2274072756,11.3771541645645,15.1075368211239
"658","PT",2013,"Portugal",1984230,"Portugal",113.035602040543,62.0956,27509.2344339841,10457295,NA,16.5,NA,0.914897799491882,1.22726261615753,0.729051351547241,0.784863948822021,1.0329715013504,1.04099023342133,1.28,19.8423,18974.600984289,9.85085657354676,14.5007414875272
"662","PW",2013,"Palau",5532,"Palau",85.7873601682761,NA,13587.7301379961,20919,NA,NA,NA,-0.576647400856018,-0.587633192539215,1.09511208534241,-1.00650537014008,0.90057784318924,1.2156058549881,NA,0.05532,26444.8587408576,10.1828170418658,8.61830469278465
"666","PY",2013,"Paraguay",770441,"Paraguay",103.689960520677,36.9,8513.83272991064,6465669,2.19,5.19999980926514,NA,-1.04062259197235,-0.880099296569824,-0.694680035114288,-0.319922894239426,-0.822727799415588,-0.133348003029823,2.864,7.70441,11915.8744439284,9.38562677701435,13.5547183571569
"670","QA",2013,"Qatar",19927,"Qatar",152.64417457127,85.3,140296.067939498,2101288,NA,0.5,NA,1.23635447025299,1.07062697410583,1.18952965736389,0.74328887462616,1.04360938072205,-0.862994849681854,2.019,0.19927,948.323123722212,6.85469529198784,9.89983087503258
"673","RE",2013,"Réunion",2749,"Reunion",NA,NA,NA,NA,NA,NA,NA,0.81892204284668,1.00411212444305,0.471292763948441,1.07204496860504,0.884485840797424,1.26216721534729,NA,0.02749,NA,NA,7.91899248816525
"677","RO",2013,"Romania",3333290,"Romania",105.582921651343,49.7645,18972.1619500917,19983693,NA,7.30000019073486,NA,-0.187075048685074,-0.0727874487638474,0.164314687252045,0.595564186573029,0.106467485427856,0.29096782207489,1.53,33.3329,16680.0500788318,9.72196867823627,15.0194703622057
"681","RS",2013,"Serbia",1317970,"Serbia",119.391710437835,51.5,13019.8511912171,7164132,NA,22.2000007629395,NA,-0.273998737335205,-0.101977057754993,-0.0799527168273926,-0.0750814825296402,-0.342978179454803,0.286290138959885,1.45,13.1797,18396.7855421983,9.81993122954189,14.0916032320253
"685","RU",2013,"Russian Federation",10835088,"Russian Federation",152.835352449659,67.97,25032.9498943919,143506911,NA,5.59999990463257,NA,-0.995505571365356,-0.360882312059402,-0.735964238643646,-0.370310723781586,-0.78360515832901,-1.01316726207733,1.7,108.35088,7550.22035140872,8.92933202743423,16.198300314747
"689","RW",2013,"Rwanda",320678,"Rwanda",56.8007939865437,9,1566.51269105915,11078095,NA,0.600000023841858,NA,0.639573872089386,0.0397659502923489,-0.0780670866370201,0.00157760933507234,-0.147702142596245,-1.17881047725677,4.508,3.20678,2894.70346661588,7.97063795526718,12.6781927833905
"693","SA",2013,"Saudi Arabia",262851,"Saudi Arabia",184.204236933324,60.5,50585.1384334072,30201051,NA,5.69999980926514,NA,-0.00835783686488867,0.0607496649026871,-0.408362299203873,0.0768873766064644,0.264805614948273,-1.82381212711334,2.644,2.62851,870.337260779434,6.76888079259774,12.4793426106916
"697","SB",2013,"Solomon Islands",3631,"Solomon Islands",57.5707685427213,8,2110.9964310664,560685,NA,3.79999995231628,NA,-0.458028823137283,-0.854519069194794,0.376171141862869,-1.13316917419434,-0.603461802005768,-0.0188193991780281,4.031,0.03631,647.600702711861,6.47327430690459,8.19726337141434
"701","SC",2013,"Seychelles",9426,"Seychelles",147.342682953101,50.4,25626.798123459,89900,NA,NA,NA,0.385605096817017,0.335487902164459,0.837439596652985,-0.311471194028854,0.0427294597029686,0.00573466904461384,2.4,0.09426,10484.9833147942,9.25769935199419,9.15122710748368
"705","SD",2013,"Sudan",1158816,"Sudan",72.8523129067604,22.7,3974.90173096649,38515095,NA,15.1999998092651,NA,-1.49351489543915,-1.51114451885223,-2.20155382156372,-1.47352159023285,-1.25251019001007,-1.77515518665314,4.42,11.58816,3008.73203090892,8.00927401680156,13.962909352169
"709","SE",2013,"Sweden",335762,"Sweden",125.527491339819,94.7836,44646.3695036513,9600379,NA,8.10000038146973,NA,2.28551816940308,1.88995015621185,1.127357006073,1.89370501041412,1.95412945747375,1.67285144329071,1.91,3.35762,3497.38275957647,8.1597701847702,12.7241578546254
"713","SG",2013,"Singapore",303394,"Singapore",155.922211297408,81,80295.0277953198,5399200,NA,2.79999995231628,NA,2.08018851280212,2.07362747192383,1.34367954730988,1.96524333953857,1.74315178394318,0.0620215646922588,1.19,3.03394,5619.23988739072,8.63395168238648,12.6227875698276
"717","SI",2013,"Slovenia",158076,"Slovenia",110.21121169577,72.6756,28858.6517248163,2059953,NA,10.1999998092651,NA,0.70114940404892,1.00052213668823,0.867380917072296,0.611344218254089,0.968546032905579,0.981539487838745,1.58,1.58076,7673.76731410862,8.94556294901655,11.9708312090178
"721","SK",2013,"Slovakia",349279,"Slovak Republic",113.911155561892,77.8826,26496.6312910328,5413393,NA,14.1999998092651,NA,0.0573849081993103,0.776987910270691,1.09937453269958,0.912182211875916,0.446269243955612,0.936283707618713,1.34,3.49279,6452.12715943587,8.77216514758094,12.7636263087471
"725","SL",2013,"Sierra Leone",332380,"Sierra Leone",65.6590734683995,1.7,1899.90557941931,6178859,NA,3.20000004768372,NA,-0.906574547290802,-1.20707356929779,-0.16648630797863,-0.713269948959351,-0.882138669490814,-0.382695257663727,4.705,3.3238,5379.31032250453,8.5903154520954,12.7140341716815
"729","SM",2013,"San Marino",3334,"San Marino",116.954973289239,NA,NA,31391,NA,NA,NA,NA,NA,1.09511208534241,NA,0.941396713256836,1.20624649524689,NA,0.03334,10620.8785957759,9.27057702167301,8.11192806331074
"733","SN",2013,"Senegal",533085,"Senegal",92.9279827471047,13.1,2243.20415481235,14221041,NA,10.3000001907349,NA,-0.276310235261917,-0.420023381710052,-0.0593590959906578,-0.0626615956425667,-0.269953280687332,0.0381184108555317,4.934,5.33085,3748.56524216476,8.22912844366421,13.1864361651049
"737","SO",2013,"Somalia",1921361,"Somalia",49.382678408622,1.5,NA,10268157,NA,6.90000009536743,NA,-1.58430469036102,-2.26952409744263,-2.74454236030579,-2.22377443313599,-2.4434814453125,-2.19037532806396,6.563,19.21361,18711.8389405226,9.83691170094409,14.4685443470522
"741","SR",2013,"Suriname",262006,"Suriname",161.067802016036,37.4,16246.5745629758,533450,NA,7.80000019073486,NA,-0.38183319568634,0.00520588736981153,0.143535614013672,-0.341981410980225,-0.0887789353728294,0.306066274642944,2.268,2.62006,49115.381010404,10.801927523595,12.4761226832444
"745","SS",2013,"South Sudan",777847,"South Sudan",25.2583596232104,14.1,2001.75769350978,11453810,NA,NA,NA,-1.36232233047485,-1.67969155311584,-1.80061173439026,-1.55032634735107,-1.43978476524353,-1.40743625164032,4.92,7.77847,6791.16381361311,8.82337760698647,13.5642851257231
"749","ST",2013,"Sao Tome and Principe",36082,"Sao Tome and Principe",64.939661023975,23,3143.79092042341,182386,NA,NA,NA,-0.382465332746506,-0.744410872459412,0.123621501028538,-0.813373446464539,-0.823508620262146,0.107479423284531,4.075,0.36082,19783.3167019398,9.89259427069234,10.4935494050127
"753","SV",2013,"El Salvador",1526093,"El Salvador",141.817904522294,23.1093,8083.75425450257,6089644,3.25,6.30000019073486,NA,-0.349637061357498,-0.130546241998672,-0.0802621990442276,0.306088089942932,-0.675343811511993,-0.0460823327302933,2.184,15.26093,25060.4633045873,10.1290467160919,14.2382214326131
"757","SX",2013,"Sint Maarten (Dutch part)",21061,"Sint Maarten (Dutch part)",NA,NA,NA,36607,NA,NA,NA,NA,NA,NA,NA,NA,NA,NA,0.21061,57532.7123227798,10.9601089749789,9.95517826794148
"761","SY",2013,"Syrian Arab Republic",680959,"Syrian Arab Republic",56.1289421926444,26.2,NA,21789415,NA,10.8000001907349,NA,-1.23962736129761,-1.33931970596313,-2.68422603607178,-1.60590207576752,-1.47669529914856,-1.773064494133,2.964,6.80959,3125.18257144581,8.04724798332661,13.4312573777392
"765","SZ",2013,"Swaziland",96813,"Swaziland",71.4677866754594,24.7,6191.0448675,1250641,NA,22.5,NA,-0.341910034418106,-0.451663374900818,-0.436616748571396,-0.363869786262512,-0.421468913555145,-1.14858591556549,3.334,0.96813,7741.07037910959,8.95429524889696,11.4805365617682
"769","TC",2013,"Turks and Caicos Islands",1665,"Turks and Caicos Islands",NA,NA,NA,33103,NA,NA,NA,NA,NA,NA,NA,NA,NA,NA,0.01665,5029.7556112739,8.52312667568558,7.41758040241454
"773","TD",2013,"Chad",348555,"Chad",35.5643768253939,2.3,2071.62808365112,13145788,NA,7,NA,-1.28528761863708,-1.42473995685577,-1.10343217849731,-1.00293493270874,-1.37248742580414,-1.3838951587677,6.263,3.48555,2651.45763799021,7.88286481982885,12.7615513159558
"777","TG",2013,"Togo",456181,"Togo",62.5349018084542,4.5,1368.06738035047,6928719,NA,6.90000009536743,NA,-1.04558539390564,-1.31504058837891,-0.38100591301918,-0.938016653060913,-1.01450681686401,-0.982040107250214,4.639,4.56181,6583.91543949177,8.79238489894086,13.0306449395653
"781","TH",2013,"Thailand",894259,"Thailand",140.051181828186,28.94,14299.1505857856,67451422,NA,0.699999988079071,NA,-0.332495748996735,0.212802425026894,-1.31048047542572,0.213565498590469,-0.13341760635376,-0.43247327208519,1.399,8.94259,1325.78227928241,7.18975796366156,13.7037507213703
"785","TJ",2013,"Tajikistan",602840,"Tajikistan",91.8281242042663,16,2541.90825356036,8111894,NA,10.6999998092651,NA,-1.19174408912659,-1.07539498806,-1.12963390350342,-1.06888282299042,-1.23911690711975,-1.47550785541534,3.815,6.0284,7431.55667468041,8.91349062783726,13.3094071005336
"789","TL",2013,"Timor-Leste",33382,"Timor-Leste",57.3759421791736,1.1,2161.87211115798,1180069,NA,4.40000009536743,NA,-0.84386819601059,-1.25798630714417,-0.392103135585785,-0.993214070796967,-1.26896929740906,0.049978144466877,5.2,0.33382,2828.81763693479,7.94761410720004,10.4157721115384
"793","TM",2013,"Turkmenistan",244921,"Turkmenistan",116.893431998644,9.6,14003.9543128011,5240088,NA,10.6000003814697,NA,-1.33895099163055,-1.31909227371216,0.168511122465134,-2.11734199523926,-1.36049258708954,-2.17106747627258,2.326,2.44921,4673.98639106824,8.44976760347031,12.4086909885494
"797","TN",2013,"Tunisia",643612,"Tunisia",115.603579861438,43.8,11124.2690525159,10886500,NA,13.3000001907349,NA,-0.143550932407379,-0.0681731402873993,-0.930682599544525,-0.347129791975021,-0.209320202469826,-0.119321040809155,2.25,6.43612,5912.01947366004,8.68474275654346,13.3748513390477
"801","TO",2013,"Tonga",60319,"Tonga",54.5939633318458,35,5049.74544510878,105139,NA,NA,NA,-0.0768823400139809,-0.200649574398994,0.969530642032623,-0.594700217247009,0.0783640295267105,0.513599038124084,3.767,0.60319,57370.7187627807,10.9572893260651,11.0074024242951
"805","TR",2013,"Turkey",3108971,"Turkey",92.9649710331176,46.25,18788.6982386034,75010202,NA,10,NA,0.112784653902054,0.367446213960648,-1.20091474056244,0.420053273439407,0.0796961113810539,-0.262614756822586,2.041,31.08971,4144.73087274182,8.32959313729303,14.9498023612393
"809","TT",2013,"Trinidad and Tobago",374092,"Trinidad and Tobago",144.940651723781,63.8,30285.3055903478,1348240,NA,5.80000019073486,NA,-0.352000862360001,0.348979532718658,0.101085238158703,0.244876205921173,-0.2231275588274,0.443927466869354,1.797,3.74092,27746.6919836231,10.2308719042714,12.8322570354511
"813","TV",2013,"Tuvalu",4021,"Tuvalu",34.4268934791413,37,3645.08356301869,9876,NA,NA,NA,-0.348648607730865,-0.653359413146973,1.32207322120667,-1.31732082366943,0.491893649101257,0.744795739650726,NA,0.04021,40714.8643175375,10.6143485214024,8.29928590689727
"817","TZ",2013,"United Republic of Tanzania",248878,"Tanzania",55.7179314872319,4.4,2460.38582752376,50213457,NA,3.5,NA,-0.814800024032593,-0.745238542556763,-0.165411874651909,-0.339861124753952,-0.50443297624588,-0.218622118234634,5.214,2.48878,495.640043265693,6.20584994404086,12.4247180955379
"821","UA",2013,"Ukraine",5560188,"Ukraine",138.064654890862,41,8614.0803173506,45489600,0,7.90000009536743,NA,-1.09243094921112,-0.649613618850708,-0.758364200592041,-0.639489352703094,-0.825298547744751,-0.325579047203064,1.506,55.60188,12222.9872322465,9.41107365720881,15.5311424786048
"825","UG",2013,"Uganda",628882,"Uganda",48.0819277298235,16.2,1720.28003258986,36573387,NA,3.79999995231628,NA,-1.04736816883087,-0.57378226518631,-0.837899923324585,-0.253664761781693,-0.358782589435577,-0.545458257198334,5.867,6.28882,1719.50713779941,7.44979298095379,13.3516989187195
"829","US",2013,"United States of America",2979930,"United States",97.0777393917782,84.2,52980.0436263119,316497531,NA,7.40000009536743,NA,1.28304767608643,1.50126624107361,0.634952545166016,1.25236248970032,1.53572654724121,1.07579624652863,1.8695,29.7993,941.533411203767,6.84750983467283,14.9074103682728
"833","UY",2013,"Uruguay",336741,"Uruguay",154.618465997977,57.69,19955.5562487579,3407969,0.34,6.59999990463257,NA,1.33450472354889,0.405329704284668,0.810300052165985,0.522153437137604,0.503353834152222,1.06642651557922,2.046,3.36741,9880.98776720093,9.19836776218194,12.7270693678576
"837","UZ",2013,"Uzbekistan",1894542,"Uzbekistan",74.3067816654548,38.2,5167.82228789523,30243200,NA,10.6999998092651,NA,-1.22635853290558,-0.935489356517792,-0.547197937965393,-1.63221216201782,-1.20418429374695,-1.94353926181793,2.2,18.94542,6264.35694635488,8.74263121982026,14.4544876786329
"841","VC",2013,"Saint Vincent and the Grenadines",60295,"St. Vincent and the Grenadines",114.633410439505,52,10518.1988943491,109327,NA,NA,NA,0.976273238658905,0.900251448154449,0.867303550243378,0.312799960374832,0.857681453227997,1.04602134227753,1.997,0.60295,55151.0605797287,10.9178312553168,11.0070044605377
"845","VE",2013,"Venezuela (Bolivarian Republic of)",630686,"Venezuela, RB",101.614434001387,54.9,18275.5165369546,30276045,NA,7.5,NA,-1.27727890014648,-1.13564097881317,-1.06480693817139,-1.64482617378235,-1.79031538963318,-0.952702224254608,2.39,6.30686,2083.11884858144,7.64162149608144,13.3545633948471
"849","VI",2013,"United States Virgin Islands",4176,"Virgin Islands (U.S.)",NA,45.3,NA,104737,NA,NA,NA,0.81892204284668,1.26548838615417,0.964676022529602,0.597457647323608,0.884485840797424,0.826262891292572,1.77,0.04176,3987.12966764372,8.29082686946192,8.33710912956247
"853","VN",2013,"Viet Nam",2600693,"Vietnam",134.965005842676,43.9,5294.35891369852,89708900,NA,2,NA,-0.5362468957901,-0.299000531435013,0.22021409869194,-0.655184268951416,-0.487232387065887,-1.33621525764465,1.743,26.00693,2899.03565866932,7.97213342918037,14.7712885059382
"857","VU",2013,"Vanuatu",8766,"Vanuatu",50.3412287399659,11.3,2986.10663920515,253165,NA,NA,NA,0.372080206871033,-0.213374421000481,1.1873619556427,-0.552725911140442,0.279843240976334,0.514930248260498,3.382,0.08766,3462.5639405131,8.14976461689927,9.07863588097876
"861","WS",2013,"Samoa",129150,"Samoa",52.4693757485345,15.3,5683.30132913144,190390,NA,NA,NA,0.194883927702904,0.135923013091087,1.00725638866425,-0.234478801488876,0.718984961509705,0.470953404903412,4.147,1.2915,67834.4450864016,11.1248253845425,11.768729798524
"865","YE",2013,"Yemen",923235,"Yemen, Rep.",69.0147787671279,20,3784.6376331182,25533217,NA,17.3999996185303,NA,-1.20019364356995,-1.20330107212067,-2.35139298439026,-0.735443115234375,-1.15869569778442,-1.35259711742401,4.075,9.23235,3615.81934622653,8.1930737607028,13.7356390856291
"869","ZA",2013,"South Africa",786618,"South Africa",145.644021264917,46.5,12866.677289547,53157490,NA,24.8999996185303,NA,-0.125960975885391,0.382242351770401,-0.0448102094233036,0.409594416618347,0.120242491364479,0.579867541790009,2.387,7.86618,1479.78770254201,7.29965391224068,13.5754980220132
"873","ZM",2013,"Zambia",228779,"Zambia",71.504631794996,15.4,3743.23745471498,15246086,NA,13.3000001907349,NA,-0.381781846284866,-0.516697287559509,0.38434824347496,-0.482861489057541,-0.307062596082687,-0.108350276947021,5.687,2.28779,1500.5752951938,7.31360384369062,12.3405117510587
"877","ZW",2013,"Zimbabwe",656207,"Zimbabwe",96.3498667952729,18.5,1740.00832895419,14898092,NA,5.40000009536743,NA,-1.35764265060425,-1.18440985679626,-0.679590582847595,-1.78182375431061,-1.56020665168762,-1.3831559419632,3.486,6.56207,4404.6378556395,8.39041332287706,13.3942315669317
