"","iso2c","year","Country","emigration","country","CellphoneUsers","InternetUsers","GDPPerCapita","TotalPopulation","Poverty","UnemploymentRate","IntentionalHomocides","Corruption","GovernmentEffectiveness","PoliticalStability","RegulatoryQuality","RuleOfLaw"," VoiceAndAccountability","FertilityRate","emigration2","emigrationpercap","logemigrationpercap","logemigration"
"1","AD",1990,"Andorra",6069,"Andorra",0,0,NA,54511,NA,NA,NA,NA,NA,NA,NA,NA,NA,NA,0.06069,11133.5326814771,9.31771679565828,8.71094912583585
"5","AE",1990,"United Arab Emirates",42424,"United Arab Emirates",1.85873441321275,0,74016.4349789131,1811458,NA,NA,NA,NA,NA,NA,NA,NA,NA,4.388,0.42424,2341.98087949044,7.75875237994434,10.655469518817
"9","AF",1990,"Afghanistan",7295267,"Afghanistan",0,0,NA,12067570,NA,NA,NA,NA,NA,NA,NA,NA,NA,7.687,72.95267,60453.4881504727,11.0096295574464,15.8027363396805
"13","AG",1990,"Antigua and Barbuda",22462,"Antigua and Barbuda",0,0,11087.0017397968,61906,NA,NA,NA,NA,NA,NA,NA,NA,NA,2.061,0.22462,36284.0435498982,10.4991333519849,10.019580271523
"20","AL",1990,"Albania",123506,"Albania",0,0,2840.98723449143,3286542,NA,NA,NA,NA,NA,NA,NA,NA,NA,2.97,1.23506,3757.93158888583,8.23162397567941,11.724045016866
"24","AM",1990,"Armenia",746461,"Armenia",0,0,2414.40150066202,3544695,NA,NA,NA,NA,NA,NA,NA,NA,NA,2.538,7.46461,21058.5395922639,9.9550614381868,13.5230986507922
"28","AO",1990,"Angola",826868,"Angola",0,0,2539.88408370267,11127870,NA,NA,NA,NA,NA,NA,NA,NA,NA,7.165,8.26868,7430.60441935429,8.9133624829031,13.6254003482071
"32","AR",1990,"Argentina",434086,"Argentina",0.0367817512490623,0,NA,32729740,NA,NA,NA,NA,NA,NA,NA,NA,NA,2.989,4.34086,1326.27390257301,7.19012871244101,12.9809979501341
"36","AS",1990,"American Samoa",2310,"American Samoa",0,0,NA,47044,NA,NA,NA,NA,NA,NA,NA,NA,NA,NA,0.0231,4910.29674347419,8.49908965551514,7.74500280351584
"40","AT",1990,"Austria",525087,"Austria",0.960860370161621,0.130369376859149,19513.8729923133,7677850,NA,NA,NA,NA,NA,NA,NA,NA,NA,1.46,5.25087,6838.98487206705,8.83039458908615,13.1713192421304
"44","AU",1990,"Australia",298680,"Australia",1.081736076939,0.585094712206538,17357.6567413215,17065100,NA,NA,NA,NA,NA,NA,NA,NA,NA,1.902,2.9868,1750.23879145156,7.46750750986683,12.6071280451496
"48","AW",1990,"Aruba",11091,"Aruba",0,0,NA,62148,NA,NA,NA,NA,NA,NA,NA,NA,NA,2.249,0.11091,17846.1092875072,9.78954079636308,9.31388924760474
"52","AZ",1990,"Azerbaijan",1654163,"Azerbaijan",0,0,5502.42618208218,7159000,NA,NA,NA,NA,NA,NA,NA,NA,NA,2.74,16.54163,23106.0622992038,10.0478502992742,14.3188056986823
"56","BA",1990,"Bosnia and Herzegovina",886976,"Bosnia and Herzegovina",0,0,NA,4526996,NA,NA,NA,NA,NA,NA,NA,NA,NA,1.708,8.86976,19593.0369719788,9.88292952556836,13.6955732034285
"60","BB",1990,"Barbados",92929,"Barbados",0,0,8363.96500435647,260374,NA,NA,NA,NA,NA,NA,NA,NA,NA,1.74,0.92929,35690.5835452081,10.4826421667346,11.4395910397058
"64","BD",1990,"Bangladesh",5635489,"Bangladesh",0,0,834.047025011443,105983136,NA,NA,NA,NA,NA,NA,NA,NA,NA,4.55,56.35489,5317.34501609766,8.57872940064074,15.5445944807504
"68","BE",1990,"Belgium",373986,"Belgium",0.429735060518182,0.00100673961837521,19045.9873078975,9967379,NA,NA,NA,NA,NA,NA,NA,NA,NA,1.62,3.73986,3752.09972451133,8.23007088880044,12.8319736425409
"72","BF",1990,"Burkina Faso",1019690,"Burkina Faso",0,0,530.784822574745,8811033,NA,NA,NA,NA,NA,NA,NA,NA,NA,7.007,10.1969,11572.8768692615,9.35641943830833,13.8350092174983
"76","BG",1990,"Bulgaria",591604,"Bulgaria",0,0,5408.99170447114,8718289,NA,NA,NA,NA,NA,NA,NA,NA,NA,1.82,5.91604,6785.78101735329,8.82258467505534,13.2905927711211
"80","BH",1990,"Bahrain",15840,"Bahrain",1.03781878599197,0,22879.1150474346,495944,NA,NA,NA,NA,NA,NA,NA,NA,NA,3.738,0.1584,3193.90898972465,8.06900083423144,9.67029366536842
"84","BI",1990,"Burundi",333363,"Burundi",0,0,678.119601074586,5613141,NA,NA,NA,NA,NA,NA,NA,NA,NA,7.542,3.33363,5938.97427483115,8.68929171644075,12.7169872653359
"88","BJ",1990,"Benin",261422,"Benin",0,0,880.193020151304,5001271,NA,NA,NA,NA,NA,NA,NA,NA,NA,6.744,2.61422,5227.11126831559,8.56161406570954,12.4738912388343
"92","BM",1990,"Bermuda",11852,"Bermuda",1.85959396635339,0,26210.8737141067,59326,NA,NA,NA,NA,NA,NA,NA,NA,NA,NA,0.11852,19977.7500589961,9.90237443620174,9.38025190869346
"96","BN",1990,"Brunei Darussalam",29599,"Brunei Darussalam",0.689684698885684,0,49814.9725990768,256939,NA,NA,NA,NA,NA,NA,NA,NA,NA,3.532,0.29599,11519.8549071959,9.3518273393091,10.2954958559577
"100","BO",1990,"Bolivia (Plurinational State of)",228470,"Bolivia",0,0,2395.34851761304,6856246,8.2,NA,NA,NA,NA,NA,NA,NA,NA,4.913,2.2847,3332.2900024299,8.11141503504255,12.3391601896685
"104","BR",1990,"Brazil",493934,"Brazil",0.000445711589946727,0,6644.20382660233,150393143,20.56,NA,NA,NA,NA,NA,NA,NA,NA,2.809,4.93934,328.428537463307,5.79431927229036,13.1101571840055
"108","BS",1990,"Bahamas",29083,"Bahamas, The",0.749791291185856,0,15693.3563593846,256338,NA,NA,NA,NA,NA,NA,NA,NA,NA,2.639,0.29083,11345.5671808316,9.33658238986747,10.2779090900128
"112","BT",1990,"Bhutan",14737,"Bhutan",0,0,1507.86000941776,535505,NA,NA,NA,NA,NA,NA,NA,NA,NA,5.639,0.14737,2751.98177421313,7.92007657628898,9.59811661721326
"116","BW",1990,"Botswana",36219,"Botswana",0,0,5234.81718818127,1379814,NA,NA,NA,NA,NA,NA,NA,NA,NA,4.698,0.36219,2624.9190108232,7.87280532153003,10.4973391220005
"120","BY",1990,"Belarus",1892068,"Belarus",0,0,5224.69250684203,10189000,NA,NA,NA,NA,NA,NA,NA,NA,NA,1.91,18.92068,18569.7124349789,9.82928716876529,14.4531809687515
"124","BZ",1990,"Belize",39365,"Belize",0,0,3338.86593252814,187552,NA,NA,NA,NA,NA,NA,NA,NA,NA,4.508,0.39365,20988.8457601092,9.95174642131264,10.5806323756186
"128","CA",1990,"Canada",1099765,"Canada",2.11067478638026,0.360999700586848,20019.8112659983,27791000,NA,NA,NA,NA,NA,NA,NA,NA,NA,1.83,10.99765,3957.27033931848,8.28330975831345,13.9106070785815
"132","CD",1990,"Democratic Republic of the Congo",356745,"Congo, Dem. Rep.",0,0,NA,34962676,NA,NA,NA,NA,NA,NA,NA,NA,NA,7.133,3.56745,1020.35953998487,6.92791033434949,12.7847765198239
"136","CF",1990,"Central African Republic",46310,"Central African Republic",0,0,604.821773087684,2937832,NA,NA,NA,NA,NA,NA,NA,NA,NA,5.78,0.4631,1576.33247918873,7.3628562121203,10.7431131994748
"140","CG",1990,"Congo",100398,"Congo, Rep.",0,0,3397.58125089031,2386467,NA,NA,NA,NA,NA,NA,NA,NA,NA,5.347,1.00398,4206.97206372433,8.34449844314164,11.5168975657226
"144","CH",1990,"Switzerland",329441,"Switzerland",1.87366645090142,0.595714223377047,26765.4579186726,6715519,NA,NA,NA,NA,NA,NA,NA,NA,NA,1.58,3.29441,4905.66700801532,8.49814634807852,12.7051525577111
"148","CI",1990,"Côte d'Ivoire",370050,"Cote d'Ivoire",0,0,2081.5092990809,12165909,NA,NA,NA,NA,NA,NA,NA,NA,NA,6.356,3.7005,3041.69626782512,8.02017062162294,12.8213934106256
"155","CL",1990,"Chile",494086,"Chile",0.105350944041629,0,4407.19938550916,13141202,7.92,NA,NA,NA,NA,NA,NA,NA,NA,2.624,4.94086,3759.82349255418,8.23212729181243,13.1104648700871
"159","CM",1990,"Cameroon",122713,"Cameroon",0,0,1789.25583498659,12070359,NA,NA,NA,NA,NA,NA,NA,NA,NA,6.434,1.22713,1016.64747502539,6.92426570373097,11.717603574557
"163","CN",1990,"China",4085951,"China",0.00157186757140214,0,979.97759285363,1135185000,66.58,NA,NA,NA,NA,NA,NA,NA,NA,2.506,40.85951,359.937014671617,5.88592905689749,15.2230650621194
"167","CO",1990,"Colombia",1050748,"Colombia",0,0,4869.15522276792,34271563,NA,NA,NA,NA,NA,NA,NA,NA,NA,3.104,10.50748,3065.94712356714,8.02811181321884,13.8650128494632
"171","CR",1990,"Costa Rica",74918,"Costa Rica",0,0,4712.55254518916,3095994,9.92,NA,NA,NA,NA,NA,NA,NA,NA,3.175,0.74918,2419.83673094974,7.79145535032507,11.2241494610602
"175","CU",1990,"Cuba",945835,"Cuba",0,0,8851.13863971264,10582082,NA,NA,NA,NA,NA,NA,NA,NA,NA,1.752,9.45835,8938.0804268952,9.09807612776296,13.7598234142167
"179","CV",1990,"Cape Verde",91308,"Cabo Verde",0,0,1072.87968525114,341256,NA,NA,NA,NA,NA,NA,NA,NA,NA,5.307,0.91308,26756.4526337998,10.1945309431904,11.4219936859645
"183","CW",1990,"Curaçao",56213,"Curacao",NA,NA,NA,145400,NA,NA,NA,NA,NA,NA,NA,NA,NA,NA,0.56213,38660.9353507565,10.5625849467468,10.9369033258582
"187","CY",1990,"Cyprus",164472,"Cyprus",0.411682065610851,0,13204.9560876374,766611,NA,NA,NA,NA,NA,NA,NA,NA,NA,2.411,1.64472,21454.4273432027,9.97368630600452,12.0104956219338
"191","CZ",1990,"Czech Republic",197867,"Czech Republic",0,0,12731.2258345626,10333355,NA,NA,NA,NA,NA,NA,NA,NA,NA,1.9,1.97867,1914.83792050113,7.55738826121882,12.1953503668019
"195","DE",1990,"Germany",3471097,"Germany",0.338698748206531,0.125892223365436,19054.6661727052,79433029,NA,NA,NA,NA,NA,NA,NA,NA,NA,1.45,34.71097,4369.84091340644,8.38248188317217,15.0599812402904
"199","DJ",1990,"Djibouti",5638,"Djibouti",0,0,1976.38309679395,588356,NA,NA,NA,NA,NA,NA,NA,NA,NA,6.087,0.05638,958.263364357634,6.86512265079282,8.63728467167406
"203","DK",1990,"Denmark",207652,"Denmark",2.88347133998349,0.0972772676449777,18795.2976014056,5140939,NA,NA,NA,NA,NA,NA,NA,NA,NA,1.67,2.07652,4039.18428131514,8.30379804000295,12.2436188806041
"207","DM",1990,"Dominica",45854,"Dominica",0,0,4304.92581046024,70928,NA,NA,NA,NA,NA,NA,NA,NA,NA,NA,0.45854,64648.6577938191,11.076722622868,10.7332177148826
"211","DO",1990,"Dominican Republic",517902,"Dominican Republic",0.0436983368269459,0,3440.59291029783,7183646,NA,NA,NA,NA,NA,NA,NA,NA,NA,3.466,5.17902,7209.45881798741,8.88314916754333,13.1575413141539
"215","DZ",1990,"Algeria",921909,"Algeria",0.00179117846890674,0,6618.79555639565,25912364,NA,NA,NA,NA,NA,NA,NA,NA,NA,4.761,9.21909,3557.79580743772,8.17689647687621,13.7342017991862
"219","EC",1990,"Ecuador",235462,"Ecuador",0,0,4829.41270739928,10218085,NA,NA,NA,NA,NA,NA,NA,NA,NA,3.765,2.35462,2304.36525043587,7.74256053808643,12.3693048206078
"223","EE",1990,"Estonia",126172,"Estonia",0,0,NA,1569174,NA,NA,NA,NA,NA,NA,NA,NA,NA,2.05,1.26172,8040.66343184376,8.9922668751672,11.7454013344249
"227","EG",1990,"Egypt",2041214,"Egypt, Arab Rep.",0.00710017822512372,0,3887.00693044447,56397273,NA,NA,NA,NA,NA,NA,NA,NA,NA,4.35,20.41214,3619.34875822808,8.19404938759372,14.529055286859
"231","EH",1990,"Western Sahara",168214,"Sub-Saharan Africa (developing only)",0.00154782011153737,0,1607.43789385758,508168676,56.75,NA,NA,NA,NA,NA,NA,NA,NA,6.35948838550696,1.68214,33.1020009584377,3.49959373247242,12.0329922573022
"232","EH",1990,"Western Sahara",168214,"Sub-Saharan Africa (all income levels)",0.00154647344844232,0,1607.73823653166,508616039,NA,NA,NA,NA,NA,NA,NA,NA,NA,6.35912668339125,1.68214,33.0728854581009,3.49871377622944,12.0329922573022
"239","ER",1990,"Eritrea",211162,"Eritrea",0,0,NA,3139083,NA,NA,NA,NA,NA,NA,NA,NA,NA,6.488,2.11162,6726.86896141325,8.81386507833733,12.2603808903835
"243","ES",1990,"Spain",1463845,"Spain",0.140678282783666,0.0128735644495179,13707.9353250433,38850435,NA,NA,NA,NA,NA,NA,NA,NA,NA,1.36,14.63845,3767.89860911467,8.23427272692516,14.1965770935814
"247","ET",1990,"Ethiopia",1622963,"Ethiopia",0,0,421.63620620335,48057094,NA,NA,NA,NA,NA,NA,NA,NA,NA,7.246,16.22963,3377.15593040228,8.12478919355773,14.2997640489479
"251","FI",1990,"Finland",257237,"Finland",5.17119019472778,0.401087669542265,17927.2098514189,4986431,NA,NA,NA,NA,NA,NA,NA,NA,NA,1.78,2.57237,5158.73978803677,8.54844760152265,12.4577531179199
"255","FJ",1990,"Fiji",88730,"Fiji",0,0,3678.50598064943,728626,NA,NA,NA,NA,NA,NA,NA,NA,NA,3.398,0.8873,12177.7153162253,9.4073629470046,11.3933533298294
"259","FM",1990,"Micronesia (Federated States of)",14193,"Micronesia, Fed. Sts.",0,0,1785.85119600326,96331,NA,NA,NA,NA,NA,NA,NA,NA,NA,4.958,0.14193,14733.5748616748,9.59788417258966,9.56050416429926
"263","FO",1990,"Faeroe Islands",7306,"Faeroe Islands",0,0,NA,48031,NA,NA,NA,NA,NA,NA,NA,NA,NA,NA,0.07306,15211.0095563282,9.62977475756269,8.89645120735523
"267","FR",1990,"France",1214080,"France",0.498190672452739,0.0527778615870672,17525.8781659994,58512808,NA,NA,NA,NA,NA,NA,NA,NA,NA,1.77,12.1408,2074.89614923283,7.63766638284984,14.0094971462887
"271","GA",1990,"Gabon",14941,"Gabon",0,0,12438.4034586275,952269,NA,NA,NA,NA,NA,NA,NA,NA,NA,5.421,0.14941,1568.98943470805,7.35818701893601,9.61186439085109
"275","GB",1990,"United Kingdom of Great Britain and Northern Ireland",4063671,"United Kingdom",1.94705962361485,0.0873553192811587,17984.9475790552,57247586,NA,NA,NA,NA,NA,NA,NA,NA,NA,1.83,40.63671,7098.41459515865,8.86762674163851,15.217597310239
"279","GD",1990,"Grenada",46197,"Grenada",0.155785887875704,0,4839.58368471454,96286,NA,NA,NA,NA,NA,NA,NA,NA,NA,3.842,0.46197,47978.9377479592,10.778517396673,10.7406701398965
"283","GE",1990,"Georgia",890120,"Georgia",0,0,5182.48377924829,4802000,NA,NA,NA,NA,NA,NA,NA,NA,NA,2.18,8.9012,18536.443148688,9.82749397328694,13.6991115640801
"290","GH",1990,"Ghana",388872,"Ghana",0,0,1240.69697094185,14628260,NA,NA,NA,NA,NA,NA,NA,NA,NA,5.616,3.88872,2658.36128151947,7.88546515235392,12.8710055196089
"294","GL",1990,"Greenland",10013,"Greenland",0,0,NA,55600,NA,NA,NA,NA,NA,NA,NA,NA,NA,2.44,0.10013,18008.9928057554,9.79862651243936,9.2116395277078
"298","GM",1990,"Gambia",34468,"Gambia, The",0,0,980.459696511231,916811,NA,NA,NA,NA,NA,NA,NA,NA,NA,6.107,0.34468,3759.55349575867,8.23205547820445,10.4477866363597
"302","GN",1990,"Guinea",334685,"Guinea",0,0,727.270371198172,6034082,NA,NA,NA,NA,NA,NA,NA,NA,NA,6.579,3.34685,5546.57692752601,8.6209362466446,12.7209450699418
"306","GQ",1990,"Equatorial Guinea",37208,"Equatorial Guinea",0,0,672.08537696986,377363,NA,NA,NA,NA,NA,NA,NA,NA,NA,5.9,0.37208,9860.00217297403,9.19624166797942,10.5242790709039
"310","GR",1990,"Greece",988851,"Greece",0,0,13367.6518624298,10156902,NA,NA,NA,NA,NA,NA,NA,NA,NA,1.4,9.88851,9735.75407146785,9.18356037463878,13.8042989420254
"314","GT",1990,"Guatemala",377505,"Guatemala",0.003295716052803,0,3334.68999728184,9158547,NA,NA,NA,NA,NA,NA,NA,NA,NA,5.58,3.77505,4121.88745660201,8.32406645797287,12.8413390926166
"318","GU",1990,"Guam",2236,"Guam",0,0,NA,130482,NA,NA,NA,NA,NA,NA,NA,NA,NA,3.013,0.02236,1713.6463266964,7.44637873404818,7.71244383427499
"322","GW",1990,"Guinea-Bissau",57574,"Guinea-Bissau",0,0,973.853389574984,1056208,NA,NA,NA,NA,NA,NA,NA,NA,NA,6.649,0.57574,5451.00964961447,8.60355612730936,10.9608263558885
"326","GY",1990,"Guyana",255484,"Guyana",0,0,2101.88571930569,720282,NA,NA,NA,NA,NA,NA,NA,NA,NA,2.467,2.55484,35469.9964736034,10.4764424483485,12.4509150643558
"330","HK",1990,"China, Hong Kong Special Administrative Region",585273,"Hong Kong SAR, China",2.31120493942562,0,17434.414002487,5704500,NA,NA,NA,NA,NA,NA,NA,NA,NA,1.272,5.85273,10259.8474888246,9.2359932539773,13.2798336840256
"334","HN",1990,"Honduras",172680,"Honduras",0,0,2071.67937321757,4903363,44.33,NA,NA,NA,NA,NA,NA,NA,NA,5.142,1.7268,3521.66462079189,8.16668906044252,12.0591954496694
"338","HR",1990,"Croatia",469764,"Croatia",0.00500675808033385,0,NA,4780000,NA,NA,NA,NA,NA,NA,NA,NA,NA,1.63,4.69764,9827.69874476988,9.19296008042095,13.0599857199184
"342","HT",1990,"Haiti",561441,"Haiti",0,0,NA,7099733,NA,NA,NA,NA,NA,NA,NA,NA,NA,5.43,5.61441,7907.91710054449,8.97561970124928,13.2382619719497
"346","HU",1990,"Hungary",407594,"Hungary",0.0254692774553756,0,NA,10373988,NA,NA,NA,NA,NA,NA,NA,NA,NA,1.87,4.07594,3929.0001106614,8.27614024772374,12.9180268599083
"350","ID",1990,"Indonesia",1336688,"Indonesia",0.0101302535302514,0,2893.82939433887,181436821,57.29,NA,NA,NA,NA,NA,NA,NA,NA,3.122,13.36688,736.723666471206,6.60221287815066,14.105705470587
"354","IE",1990,"Ireland",927048,"Ireland",0.7079776335706,0,13371.6021394287,3513974,NA,NA,NA,NA,NA,NA,NA,NA,NA,2.11,9.27048,26381.7546743374,10.1804279393867,13.7397606231427
"358","IL",1990,"Israel",289020,"Israel",0.338729820959952,0.110773866229479,13433.3097081262,4660000,NA,NA,NA,NA,NA,NA,NA,NA,NA,2.824,2.8902,6202.14592274678,8.73265062772072,12.5742511688523
"362","IM",1990,"Isle of Man",1052,"Isle of Man",NA,NA,NA,70312,NA,NA,NA,NA,NA,NA,NA,NA,NA,NA,0.01052,1496.18841733986,7.3106760980234,6.95844839329766
"366","IN",1990,"India",6845565,"India",0,0,1146.0263464783,870601776,NA,NA,NA,NA,NA,NA,NA,NA,NA,3.878,68.45565,786.302668879463,6.66734179321715,15.7391115552997
"370","IQ",1990,"Iraq",1235899,"Iraq",0,0,7262.66481100089,17478455,NA,NA,NA,NA,NA,NA,NA,NA,NA,5.882,12.35899,7070.98539315975,8.86375512586314,14.0273091984505
"374","IR",1990,"Iran (Islamic Republic of)",636413,"Iran, Islamic Rep.",0,0,6168.35490329656,56169196,5.32,NA,NA,NA,NA,NA,NA,NA,NA,4.819,6.36413,1133.02850195684,7.03264941689592,13.3636030026413
"378","IS",1990,"Iceland",18585,"Iceland",3.92810893536868,0,21903.2463369797,254826,NA,NA,NA,NA,NA,NA,NA,NA,NA,2.3,0.18585,7293.21183866638,8.89469930941092,9.83011008273135
"382","IT",1990,"Italy",3496981,"Italy",0.46804738180893,0.017544562355015,18301.0239715323,56719240,NA,NA,NA,NA,NA,NA,NA,NA,NA,1.33,34.96981,6165.42287943209,8.72671200682786,15.0674105828023
"386","JM",1990,"Jamaica",648069,"Jamaica",0,0,4777.0292109031,2390000,4.57,NA,NA,NA,NA,NA,NA,NA,NA,2.948,6.48069,27115.8577405858,10.2078739922097,13.3817524511471
"390","JO",1990,"Jordan",357731,"Jordan",0.0428471084752414,0,4561.4635892548,3170000,NA,NA,NA,NA,NA,NA,NA,NA,NA,5.536,3.57731,11284.8895899054,9.3312199054116,12.7875365862948
"394","JP",1990,"Japan",655721,"Japan",0.710088406652031,0.0202936828728095,19229.6427299648,123537000,NA,NA,NA,NA,NA,NA,NA,NA,NA,1.54,6.55721,530.789156285162,6.27436487324629,13.3934906725804
"398","KE",1990,"Kenya",251579,"Kenya",0,0,1535.66627904047,23446229,NA,NA,NA,NA,NA,NA,NA,NA,NA,6.037,2.51579,1073.00410654524,6.97821756978576,12.4355123345062
"402","KG",1990,"Kyrgyzstan",548547,"Kyrgyz Republic",0,0,2245.78952931283,4391200,NA,NA,NA,NA,NA,NA,NA,NA,NA,3.69,5.48547,12491.9611951175,9.43284061201946,13.2150282432671
"406","KH",1990,"Cambodia",364102,"Cambodia",0,0,NA,9008856,NA,NA,NA,NA,NA,NA,NA,NA,NA,5.623,3.64102,4041.60084254871,8.30439614062525,12.8051893271449
"410","KI",1990,"Kiribati",3313,"Kiribati",0,0,921.462763466369,72411,NA,NA,NA,NA,NA,NA,NA,NA,NA,4.632,0.03313,4575.27171286131,8.42842136673542,8.1056094022999
"414","KM",1990,"Comoros",39394,"Comoros",0,0,1025.25723565538,415144,NA,NA,NA,NA,NA,NA,NA,NA,NA,5.573,0.39394,9489.23746940821,9.15791353741762,10.5813687994256
"418","KN",1990,"Saint Kitts and Nevis",20798,"St. Kitts and Nevis",0,0,9215.68626806476,40833,NA,NA,NA,NA,NA,NA,NA,NA,NA,NA,0.20798,50934.2933411701,10.8382917151902,9.94261210722018
"422","KP",1990,"Democratic People's Republic of Korea",59141,"Korea, Dem. Rep.",0,0,NA,20194354,NA,NA,NA,NA,NA,NA,NA,NA,NA,2.289,0.59141,292.859083286348,5.67969154891101,10.9876797022929
"426","KR",1990,"Republic of Korea",1710927,"Korea, Rep.",0.186178272147419,0.0232650923969655,8610.68520991556,42869283,NA,NA,NA,NA,NA,NA,NA,NA,NA,1.57,17.10927,3991.03246023499,8.29180523837446,14.352545886856
"430","KW",1990,"Kuwait",181715,"Kuwait",1.00666383787736,0,NA,2058832,NA,NA,NA,NA,NA,NA,NA,NA,NA,2.358,1.81715,8826.1208296743,9.08547087993228,12.1101948046368
"434","KY",1990,"Cayman Islands",2442,"Cayman Islands",0,0,NA,25009,NA,NA,NA,NA,NA,NA,NA,NA,NA,NA,0.02442,9764.48478547723,9.18650708057499,7.80057265467065
"438","KZ",1990,"Kazakhstan",3080760,"Kazakhstan",0,0,8226.84179430913,16348000,NA,NA,NA,NA,NA,NA,NA,NA,NA,2.72,30.8076,18844.8739907022,9.84399621906186,14.9406868777579
"442","LA",1990,"Lao People's Democratic Republic",503509,"Lao PDR",0,0,1047.77203662459,4247839,NA,NA,NA,NA,NA,NA,NA,NA,NA,6.152,5.03509,11853.2976414596,9.38036138982974,13.1293568658569
"446","LB",1990,"Lebanon",500895,"Lebanon",0,0,4998.96180979581,2703019,NA,NA,NA,NA,NA,NA,NA,NA,NA,3.002,5.00895,18530.9463233518,9.82719738777311,13.1241517772635
"450","LC",1990,"Saint Lucia",24229,"St. Lucia",0,0,5157.06378047646,138180,NA,NA,NA,NA,NA,NA,NA,NA,NA,3.398,0.24229,17534.3754523086,9.77191854473487,10.0953055418074
"454","LI",1990,"Liechtenstein",3746,"Liechtenstein",0,0,NA,28745,NA,NA,NA,NA,NA,NA,NA,NA,NA,NA,0.03746,13031.8316228909,9.47515022991687,8.22844388300403
"458","LK",1990,"Sri Lanka",824711,"Sri Lanka",0.00583007008148302,0,2158.5129865867,17015000,8.73,NA,NA,NA,NA,NA,NA,NA,NA,2.483,8.24711,4846.96444313841,8.48610789996916,13.6227883009161
"462","LR",1990,"Liberia",356510,"Liberia",0,0,NA,2102877,NA,NA,NA,NA,NA,NA,NA,NA,NA,6.499,3.5651,16953.4404532457,9.7382260688043,12.784117568934
"466","LS",1990,"Lesotho",193128,"Lesotho",0,0,840.594524953351,1597534,NA,NA,NA,NA,NA,NA,NA,NA,NA,4.919,1.93128,12089.1323752734,9.40006217720188,12.1711084604941
"470","LT",1990,"Lithuania",379670,"Lithuania",0,0,NA,3697838,NA,NA,NA,NA,NA,NA,NA,NA,NA,2.03,3.7967,10267.3508141784,9.23672431581801,12.8470577333539
"474","LU",1990,"Luxembourg",27504,"Luxembourg",0.215825453783494,0,32012.2484157523,381850,NA,NA,NA,NA,NA,NA,NA,NA,NA,1.6,0.27504,7202.82833573393,8.88222905227633,10.2220867276226
"478","LV",1990,"Latvia",234328,"Latvia",0,0,NA,2663151,NA,NA,NA,NA,NA,NA,NA,NA,NA,2.02,2.34328,8798.90025011725,9.08238202107911,12.364477122264
"482","LY",1990,"Libya",80565,"Libya",0,0,NA,4398419,NA,NA,NA,NA,NA,NA,NA,NA,NA,4.966,0.80565,1831.68088351746,7.51298933984147,11.2968195910077
"486","MA",1990,"Morocco",1606762,"Morocco",0.0036636310133498,0,2493.68876668133,24950128,2.81,NA,NA,NA,NA,NA,NA,NA,NA,4.058,16.06762,6439.89481737328,8.77026748625901,14.2897315316979
"490","MC",1990,"Monaco",4826,"Monaco",0,0,NA,29438,NA,NA,NA,NA,NA,NA,NA,NA,NA,NA,0.04826,16393.776751138,9.70465707540267,8.48177324618498
"494","MD",1990,"Republic of Moldova",668948,"Moldova",0,0,4162.19455096952,3696000,NA,NA,NA,NA,NA,NA,NA,NA,NA,2.413,6.68948,18099.2424242424,9.80362536136374,13.4134616081372
"498","ME",1990,"Montenegro",168333,"Montenegro",NA,NA,NA,608320,NA,NA,NA,NA,NA,NA,NA,NA,NA,1.869,1.68333,27671.7845870594,10.2281685660774,12.0336994393894
"502","MG",1990,"Madagascar",59254,"Madagascar",0,0,1073.38073196302,11545782,NA,NA,NA,NA,NA,NA,NA,NA,NA,6.258,0.59254,513.209066306639,6.24068329881038,10.9895885672672
"506","MH",1990,"Marshall Islands",2987,"Marshall Islands",0,0,1906.78538852923,47300,NA,NA,NA,NA,NA,NA,NA,NA,NA,NA,0.02987,6315.01057082452,8.75068470870631,8.00202481821611
"510","MK",1990,"The former Yugoslav Republic of Macedonia",359977,"Macedonia, FYR",0,0,5320.08758286108,1996227,NA,NA,NA,NA,NA,NA,NA,NA,NA,2.244,3.59977,18032.8690073824,9.79995142763067,12.7937954195024
"514","ML",1990,"Mali",688415,"Mali",0,0,667.688618888441,8482075,NA,NA,NA,NA,NA,NA,NA,NA,NA,7.062,6.88415,8116.11545523943,9.00160692647777,13.4421471327393
"518","MM",1990,"Myanmar",599019,"Myanmar",0,0,NA,42007309,NA,NA,NA,NA,NA,NA,NA,NA,NA,3.415,5.99019,1425.98755849845,7.26261987618054,13.3030485961271
"522","MN",1990,"Mongolia",25354,"Mongolia",0,0,3310.85672791694,2184145,NA,NA,NA,NA,NA,NA,NA,NA,NA,4.052,0.25354,1160.82036677968,7.05688224688442,10.1406917874987
"526","MO",1990,"China, Macao Special Administrative Region",97010,"Macao SAR, China",0.620456725089302,0,23903.8664980105,359735,NA,NA,NA,NA,NA,NA,NA,NA,NA,1.694,0.9701,26967.0729842801,10.2023718816672,11.4825693449553
"530","MP",1990,"Northern Mariana Islands",6653,"Northern Mariana Islands",0,0,NA,43972,NA,NA,NA,NA,NA,NA,NA,NA,NA,NA,0.06653,15130.0827799509,9.62444027801336,8.80282315974189
"537","MR",1990,"Mauritania",142578,"Mauritania",0,0,1810.16249353454,2023665,NA,NA,NA,NA,NA,NA,NA,NA,NA,5.978,1.42578,7045.53372223169,8.8601491804741,11.8676444973604
"541","MT",1990,"Malta",112617,"Malta",0,0,10939.1250084037,354170,NA,NA,NA,NA,NA,NA,NA,NA,NA,2.04,1.12617,31797.4419064291,10.3671411223385,11.6317479602013
"545","MU",1990,"Mauritius",108746,"Mauritius",0.20835997026135,0,4891.30775003481,1058775,NA,NA,NA,NA,NA,NA,NA,NA,NA,2.32,1.08746,10270.9263063446,9.23707249421499,11.5967701666653
"549","MV",1990,"Maldives",2169,"Maldives",0,0,NA,223179,NA,NA,NA,NA,NA,NA,NA,NA,NA,6.099,0.02169,971.865632519189,6.87921755675568,7.68202151082687
"553","MW",1990,"Malawi",122601,"Malawi",0,0,350.642822365103,9408998,NA,NA,NA,NA,NA,NA,NA,NA,NA,6.997,1.22601,1303.01866362391,7.17243890060162,11.7166904590578
"557","MX",1990,"Mexico",5043129,"Mexico",0.0742660606542486,0,6019.2580136362,85609404,NA,NA,NA,NA,NA,NA,NA,NA,NA,3.375,50.43129,5890.85867248883,8.68115705082292,15.4335372807436
"561","MY",1990,"Malaysia",573513,"Malaysia",0.475644053732732,0,6566.21696354055,18211097,NA,NA,NA,NA,NA,NA,NA,NA,NA,3.515,5.73513,3149.25015225607,8.05491965657918,13.2595358831238
"565","MZ",1990,"Mozambique",2258597,"Mozambique",0,0,302.827996886221,13371971,NA,NA,NA,NA,NA,NA,NA,NA,NA,6.237,22.58597,16890.531694991,9.73450848917557,14.6302543820144
"569","NA",1990,"Namibia",80249,"Namibia",0,0,3695.02589521726,1415447,NA,NA,NA,NA,NA,NA,NA,NA,NA,5.227,0.80249,5669.51641424935,8.64285910459235,11.2928895798554
"570",NA,1990,"Channel Islands",22080,"Namibia",0,0,3695.02589521726,1415447,NA,NA,NA,NA,NA,NA,NA,NA,NA,5.227,0.2208,1559.93124433483,7.35239702512795,10.002427500391
"577","NC",1990,"New Caledonia",4450,"New Caledonia",0,0,NA,170899,NA,NA,NA,NA,NA,NA,NA,NA,NA,3.19,0.0445,2603.87714381009,7.86475682241902,8.40065937516029
"581","NE",1990,"Niger",137848,"Niger",0,0,585.359911988625,7911884,NA,NA,NA,NA,NA,NA,NA,NA,NA,7.763,1.37848,1742.29045825242,7.46295588188997,11.8339069078229
"585","NG",1990,"Nigeria",465728,"Nigeria",0,0,1958.68379158902,95617345,NA,NA,NA,NA,NA,NA,NA,NA,NA,6.49,4.65728,487.074808446104,6.18841772205795,13.0513570517068
"589","NI",1990,"Nicaragua",467582,"Nicaragua",0,0,1951.85999535348,4144564,NA,NA,NA,NA,NA,NA,NA,NA,NA,4.754,4.67582,11281.8139616133,9.33094732432292,13.0553300133994
"593","NL",1990,"Netherlands",749782,"Netherlands",0.530545270924286,0.334386942002658,18740.0768921876,14951510,NA,NA,NA,NA,NA,NA,NA,NA,NA,1.62,7.49782,5014.75770674668,8.52014038551935,13.5275377765941
"597","NO",1990,"Norway",147752,"Norway",4.64175927836571,0.707299448188547,18244.0606637219,4241473,NA,NA,NA,NA,NA,NA,NA,NA,NA,1.93,1.47752,3483.50679115487,8.15579476398883,11.9032904715557
"601","NP",1990,"Nepal",591199,"Nepal",0,0,774.591000647358,18741688,NA,NA,NA,NA,NA,NA,NA,NA,NA,5.165,5.91199,3154.45972635976,8.05657251668538,13.2899079571397
"611","NZ",1990,"New Zealand",370470,"New Zealand",1.59212097294189,0,14827.1377996185,3329800,NA,NA,NA,NA,NA,NA,NA,NA,NA,2.18,3.7047,11125.8934470539,9.31703041365732,12.82252774878
"615","OM",1990,"Oman",14082,"Oman",0.150820146698834,0,22645.2131349422,1812159,NA,NA,NA,NA,NA,NA,NA,NA,NA,7.164,0.14082,777.084130034947,6.65554861996953,9.55265266507908
"619","PA",1990,"Panama",147689,"Panama",0,0,4854.13352876105,2471010,NA,NA,NA,NA,NA,NA,NA,NA,NA,3.075,1.47689,5976.86775852789,8.69565192352142,11.9028639904583
"623","PE",1990,"Peru",334858,"Peru",0.00757852906262552,0,3403.90362752044,21826658,NA,NA,NA,NA,NA,NA,NA,NA,NA,3.828,3.34858,1534.16982114257,7.33574468058643,12.7214618403474
"627","PF",1990,"French Polynesia",4851,"French Polynesia",0,0,NA,198370,NA,NA,NA,NA,NA,NA,NA,NA,NA,3.4,0.04851,2445.43025659122,7.80197636049329,8.48694014824522
"631","PG",1990,"Papua New Guinea",27706,"Papua New Guinea",0,0,1038.47453701233,4157903,NA,NA,NA,NA,NA,NA,NA,NA,NA,4.802,0.27706,666.345511186769,6.5018083215834,10.2294042752178
"635","PH",1990,"Philippines",2329286,"Philippines",0,0,2591.92324359698,61947340,NA,NA,NA,NA,NA,NA,NA,NA,NA,4.32,23.29286,3760.10656793334,8.23220257851776,14.661072340812
"639","PK",1990,"Pakistan",3555535,"Pakistan",0.0018003278198924,0,1975.81682741279,107607639,58.96,NA,NA,NA,NA,NA,NA,NA,NA,6.024,35.55535,3304.16598026094,8.10293936953553,15.0840161021611
"643","PL",1990,"Poland",1628287,"Poland",0,0,6002.7036655368,38110782,NA,NA,NA,NA,NA,NA,NA,NA,NA,2.06,16.28287,4272.51007339603,8.3599567727157,14.3030390999337
"647","PR",1990,"Puerto Rico",1379132,"Puerto Rico",0.578996379744763,0,16336.1837948459,3537000,NA,NA,NA,NA,NA,NA,NA,NA,NA,2.219,13.79132,38991.5747808878,10.5711008705144,14.1369648737318
"651","PS",1990,"State of Palestine",1908317,"West Bank and Gaza",0,0,NA,1978248,NA,NA,NA,NA,NA,NA,NA,NA,NA,6.532,19.08317,96465.0033767253,11.4769355622417,14.4617322597479
"655","PT",1990,"Portugal",1918681,"Portugal",0.0656602134462016,0,11198.2285321804,9983218,NA,NA,NA,NA,NA,NA,NA,NA,NA,1.56,19.18681,19219.063432252,9.86365795252597,14.467148528759
"659","PW",1990,"Palau",4632,"Palau",NA,0,NA,15089,NA,NA,NA,NA,NA,NA,NA,NA,NA,2.7572,0.04632,30697.8593677513,10.3319482037094,8.44074401925283
"663","PY",1990,"Paraguay",298429,"Paraguay",0,0,3901.56801639375,4213740,1.19,NA,NA,NA,NA,NA,NA,NA,NA,4.541,2.98429,7082.28319734962,8.86535162020185,12.6062873275762
"667","QA",1990,"Qatar",13644,"Qatar",0.799761603468502,0,NA,476478,NA,NA,NA,NA,NA,NA,NA,NA,NA,4.016,0.13644,2863.51101205092,7.95980377748774,9.52105514353854
"674","RO",1990,"Romania",839046,"Romania",0,0,5192.88324883619,23201835,NA,NA,NA,NA,NA,NA,NA,NA,NA,1.83,8.39046,3616.29155624975,8.19320434775553,13.6400208111216
"678","RS",1990,"Serbia",1137106,"Serbia",NA,NA,NA,7586000,NA,NA,NA,NA,NA,NA,NA,NA,NA,NA,11.37106,14989.5333509096,9.61510745991892,13.9439969961797
"682","RU",1990,"Russian Federation",12749726,"Russian Federation",0,0,8012.79524035916,148292000,NA,NA,NA,NA,NA,NA,NA,NA,NA,1.89,127.49726,8597.71666711623,9.05925194316552,16.3610203391417
"686","RW",1990,"Rwanda",551513,"Rwanda",0,0,549.619073913725,7259740,NA,NA,NA,NA,NA,NA,NA,NA,NA,7.271,5.51513,7596.86986035313,8.93549158095675,13.220420689474
"690","SA",1990,"Saudi Arabia",93864,"Saudi Arabia",0.0916384581142951,0,22843.067965753,16361453,NA,NA,NA,NA,NA,NA,NA,NA,NA,5.844,0.93864,573.689879499088,6.35208897069763,11.4496022051035
"694","SB",1990,"Solomon Islands",2057,"Solomon Islands",0,0,1158.60026496922,311849,NA,NA,NA,NA,NA,NA,NA,NA,NA,5.851,0.02057,659.614108110015,6.49165497934393,7.62900388965296
"698","SC",1990,"Seychelles",29126,"Seychelles",0,0,9123.90727554076,70000,NA,NA,NA,NA,NA,NA,NA,NA,NA,NA,0.29126,41608.5714285714,10.6360614689813,10.2793865250425
"702","SD",1990,"Sudan",446014,"Sudan",0,0,1133.18872311091,20008804,NA,NA,NA,NA,NA,NA,NA,NA,NA,6.153,4.46014,2229.08875512999,7.70934815095563,13.0081056206441
"706","SE",1990,"Sweden",224034,"Sweden",5.38841259958545,0.584192066461428,20099.4472393995,8558835,NA,NA,NA,NA,NA,NA,NA,NA,NA,2.13,2.24034,2617.57587335192,7.87000392927851,12.3195531050332
"710","SG",1990,"Singapore",171710,"Singapore",1.71488965006014,0,22179.7118647287,3047100,NA,NA,NA,NA,NA,NA,NA,NA,NA,1.865,1.7171,5635.19411899839,8.63678687468238,12.0535622863078
"714","SI",1990,"Slovenia",94334,"Slovenia",0,0,NA,1998161,NA,NA,NA,NA,NA,NA,NA,NA,NA,1.46,0.94334,4721.04099719692,8.45978460451555,11.4545969550701
"718","SK",1990,"Slovakia",143648,"Slovak Republic",0,0,NA,5299187,NA,NA,NA,NA,NA,NA,NA,NA,NA,2.09,1.43648,2710.75544229709,7.90498263602236,11.8751211415817
"722","SL",1990,"Sierra Leone",59924,"Sierra Leone",0,0,886.431687467692,3931208,NA,NA,NA,NA,NA,NA,NA,NA,NA,6.525,0.59924,1524.3151723338,7.32930052085849,11.0008323716373
"726","SM",1990,"San Marino",1871,"San Marino",0,0,NA,24045,NA,NA,NA,NA,NA,NA,NA,NA,NA,NA,0.01871,7781.24350176752,8.95947143753255,7.53422832627409
"730","SN",1990,"Senegal",348026,"Senegal",0,0,1199.88927742461,7514201,NA,NA,NA,NA,NA,NA,NA,NA,NA,6.629,3.48026,4631.57693013535,8.44065267875485,12.7600324686094
"734","SO",1990,"Somalia",859047,"Somalia",0,0,NA,6321615,NA,NA,NA,NA,NA,NA,NA,NA,NA,7.397,8.59047,13589.0433061805,9.517019107771,13.6635789142542
"738","SR",1990,"Suriname",180183,"Suriname",0,0,6841.95396686805,408276,NA,NA,NA,NA,NA,NA,NA,NA,NA,2.733,1.80183,44132.6455632954,10.6949550497823,12.1017282800835
"742","SS",1990,"South Sudan",675399,"South Sudan",NA,NA,NA,5762190,NA,NA,NA,NA,NA,NA,NA,NA,NA,6.769,6.75399,11721.2205775929,9.36915620255412,13.4230589063284
"746","ST",1990,"Sao Tome and Principe",14539,"Sao Tome and Principe",0,0,NA,113575,NA,NA,NA,NA,NA,NA,NA,NA,NA,5.395,0.14539,12801.2326656394,9.45729674727405,9.58458997293143
"750","SV",1990,"El Salvador",1272061,"El Salvador",0,0,2929.36247888632,5252082,NA,NA,NA,NA,NA,NA,NA,NA,NA,3.951,12.72061,24220.1283224443,10.0949393152947,14.0561489777072
"758","SY",1990,"Syrian Arab Republic",423617,"Syrian Arab Republic",0,0,NA,12451539,NA,NA,NA,NA,NA,NA,NA,NA,NA,5.313,4.23617,3402.12563282338,8.13215570138135,12.9565850241043
"762","SZ",1990,"Swaziland",66564,"Swaziland",0,0,3131.01870857986,862728,NA,NA,NA,NA,NA,NA,NA,NA,NA,5.744,0.66564,7715.52563496258,8.95098989403346,11.1059191698432
"766","TC",1990,"Turks and Caicos Islands",2967,"Turks and Caicos Islands",NA,NA,NA,11550,NA,NA,NA,NA,NA,NA,NA,NA,NA,NA,0.02967,25688.3116883117,10.1537913693111,7.99530662029082
"770","TD",1990,"Chad",356218,"Chad",0,0,717.571641222222,5958022,NA,NA,NA,NA,NA,NA,NA,NA,NA,7.313,3.56218,5978.79631864401,8.69597454217654,12.7832981819691
"774","TG",1990,"Togo",200331,"Togo",0,0,872.634047076137,3786942,NA,NA,NA,NA,NA,NA,NA,NA,NA,6.331,2.00331,5290.0466920275,8.57358235128362,12.2077262775268
"778","TH",1990,"Thailand",355638,"Thailand",0.111735514474859,0,4116.3419843972,56582824,9.37,NA,NA,NA,NA,NA,NA,NA,NA,2.113,3.55638,628.526423495582,6.44337806930341,12.7816686385549
"782","TJ",1990,"Tajikistan",561256,"Tajikistan",0,0,2349.63618144512,5297286,NA,NA,NA,NA,NA,NA,NA,NA,NA,5.175,5.61256,10595.1613713135,9.26815270147962,13.2379324084046
"786","TL",1990,"Timor-Leste",11529,"Timor-Leste",0,0,NA,740231,NA,NA,NA,NA,NA,NA,NA,NA,NA,5.34,0.11529,1557.48678453077,7.35082876557314,9.35262087923295
"790","TM",1990,"Turkmenistan",258951,"Turkmenistan",0,0,5398.94338619157,3668000,NA,NA,NA,NA,NA,NA,NA,NA,NA,4.345,2.58951,7059.73282442748,8.86216248620569,12.464394133594
"794","TN",1990,"Tunisia",463212,"Tunisia",0.0117143776592436,0,3556.17248188822,8154400,9.82,NA,NA,NA,NA,NA,NA,NA,NA,3.38,4.63212,5680.5160404199,8.64479735977499,13.0459401116411
"798","TO",1990,"Tonga",33476,"Tonga",0,0,2308.97471619382,95152,NA,NA,NA,NA,NA,NA,NA,NA,NA,4.644,0.33476,35181.6041701698,10.4682786161766,10.4185840431528
"802","TR",1990,"Turkey",2640737,"Turkey",0.058911441244917,0,4444.21238128313,53994605,NA,NA,NA,NA,NA,NA,NA,NA,NA,3.078,26.40737,4890.7423250897,8.49509937566957,14.7865686028294
"806","TT",1990,"Trinidad and Tobago",217905,"Trinidad and Tobago",0,0,8702.23945285861,1221904,NA,NA,NA,NA,NA,NA,NA,NA,NA,2.453,2.17905,17833.2340347523,9.78881907605576,12.2918144669751
"810","TV",1990,"Tuvalu",1319,"Tuvalu",0,0,1531.34420006697,9004,NA,NA,NA,NA,NA,NA,NA,NA,NA,NA,0.01319,14649.0448689471,9.59213041566092,7.18462915271731
"814","TZ",1990,"United Republic of Tanzania",169819,"Tanzania",0,0,950.836668249767,25458208,NA,NA,NA,NA,NA,NA,NA,NA,NA,6.213,1.69819,667.050092449555,6.50286514421945,12.0424884429481
"818","UA",1990,"Ukraine",5575082,"Ukraine",0,0,6780.26421888432,51892000,NA,NA,NA,NA,NA,NA,NA,NA,NA,1.844,55.75082,10743.6252216141,9.28206785501965,15.5338175837225
"822","UG",1990,"Uganda",248393,"Uganda",0,0,499.842019624351,17384369,NA,NA,NA,NA,NA,NA,NA,NA,NA,7.091,2.48393,1428.82954221692,7.26461088615213,12.4227674482901
"826","US",1990,"United States of America",1775347,"United States",2.07580236597907,0.784728502202794,23954.4433004972,249623000,NA,NA,NA,NA,NA,NA,NA,NA,NA,2.081,17.75347,711.211306650429,6.56696958206324,14.3895064547431
"830","UY",1990,"Uruguay",238639,"Uruguay",0,0,6360.3775945593,3109987,NA,NA,NA,NA,NA,NA,NA,NA,NA,2.518,2.38639,7673.31181770213,8.94550358965537,12.3827072287675
"834","UZ",1990,"Uzbekistan",1333360,"Uzbekistan",0,0,1959.35739592167,20510000,NA,NA,NA,NA,NA,NA,NA,NA,NA,4.072,13.3336,6501.02389078498,8.77971496513772,14.1032126302161
"838","VC",1990,"Saint Vincent and the Grenadines",39149,"St. Vincent and the Grenadines",0,0,3700.65027726396,107509,NA,NA,NA,NA,NA,NA,NA,NA,NA,2.956,0.39149,36414.6257522626,10.5027257793031,10.5751301583086
"842","VE",1990,"Venezuela (Bolivarian Republic of)",193359,"Venezuela, RB",0.0375972871596906,0,9339.93977265779,19861959,NA,NA,NA,NA,NA,NA,NA,NA,NA,3.448,1.93359,973.514243987715,6.88091245643373,12.1723038436635
"846","VI",1990,"United States Virgin Islands",2296,"Virgin Islands (U.S.)",0,0,NA,103963,NA,NA,NA,NA,NA,NA,NA,NA,NA,2.954,0.02296,2208.47801621731,7.70005887681783,7.73892375743946
"850","VN",1990,"Viet Nam",1306953,"Vietnam",0,0,970.234275921921,66016700,NA,NA,NA,NA,NA,NA,NA,NA,NA,3.558,13.06953,1979.73088627575,7.59071619842881,14.0832090317455
"854","VU",1990,"Vanuatu",5466,"Vanuatu",0,0,1647.95434609175,146633,NA,NA,NA,NA,NA,NA,NA,NA,NA,4.927,0.05466,3727.67385240703,8.22353968603604,8.60630236648801
"858","WS",1990,"Samoa",77097,"Samoa",0,0,2358.57494961694,162865,NA,NA,NA,NA,NA,NA,NA,NA,NA,5.118,0.77097,47337.9793080158,10.7650681974932,11.2528196482886
"862","YE",1990,"Yemen",528733,"Yemen, Rep.",0,0,2192.4337278079,11961099,NA,NA,NA,NA,NA,NA,NA,NA,NA,8.667,5.28733,4420.43828915721,8.39399413059848,13.1782388575255
"866","ZA",1990,"South Africa",335594,"South Africa",0.0154375135384004,0,6698.4702913891,35200000,NA,NA,NA,NA,NA,NA,NA,NA,NA,3.658,3.35594,953.392045454545,6.86002619939057,12.7236573749887
"870","ZM",1990,"Zambia",111200,"Zambia",0,0,1498.41726027161,8143142,NA,NA,NA,NA,NA,NA,NA,NA,NA,6.468,1.112,1365.56626422577,7.21932446718107,11.6190856607986
"874","ZW",1990,"Zimbabwe",263072,"Zimbabwe",0,0,1632.68161533202,10484771,NA,NA,NA,NA,NA,NA,NA,NA,NA,5.176,2.63072,2509.08675067867,7.82767412156729,12.4801830379519
