"","iso2c","year","Country","emigration","country","CellphoneUsers","InternetUsers","GDPPerCapita","TotalPopulation","Poverty","UnemploymentRate","IntentionalHomocides","Corruption","GovernmentEffectiveness","PoliticalStability","RegulatoryQuality","RuleOfLaw"," VoiceAndAccountability","FertilityRate","emigration2","emigrationpercap","logemigrationpercap","logemigration"
"3","AD",2010,"Andorra",7268,"Andorra",84.0681838602436,81,NA,84419,NA,NA,1.3,1.33302104473114,1.51257038116455,1.30648458003998,1.3681173324585,1.23283994197845,1.33366453647614,1.22,0.07268,8609.43626434807,9.06061412075419,8.89123642951606
"7","AE",2010,"United Arab Emirates",125822,"United Arab Emirates",129.431630756342,68,56244.8999154816,8329453,NA,4.19999980926514,NA,0.928728222846985,0.907660663127899,0.787143111228943,0.336329281330109,0.365289926528931,-0.912744641304016,1.868,1.25822,1510.5673805951,7.32024060797157,11.7426234887217
"11","AF",2010,"Afghanistan",5231759,"Afghanistan",45.7781747410681,4,1629.16728380707,27962207,NA,8.5,3.5,-1.62446570396423,-1.46557140350342,-2.54981923103333,-1.52925848960876,-1.90109300613403,-1.48158156871796,5.659,52.31759,18710.1075390794,9.8368191669309,15.4702581083671
"15","AG",2010,"Antigua and Barbuda",54628,"Antigua and Barbuda",192.553276856236,47,20151.3097864672,87233,NA,NA,6.9,1.33302104473114,0.486811608076096,0.931939363479614,0.628196716308594,0.985227286815643,0.512558341026306,2.13,0.54628,62623.0898857084,11.044889337095,10.9083018507983
"18","AI",2010,"Anguilla",3788,"Anguilla",NA,NA,NA,NA,NA,NA,NA,1.33302104473114,1.51257038116455,1.43622696399689,1.3681173324585,1.42292642593384,1.02395820617676,NA,0.03788,NA,NA,8.23959345430597
"22","AL",2010,"Albania",1253681,"Albania",85.4682469970411,45,9297.49275289637,2913021,NA,14.1999998092651,4,-0.488577753305435,-0.271427512168884,-0.191314235329628,0.232226595282555,-0.435759484767914,0.112057611346245,1.741,12.53681,43037.1425403387,10.6698188018403,14.0415945818485
"26","AM",2010,"Armenia",778197,"Armenia",130.43223274133,25,6376.2681923789,2963496,2.54,19,1.5,-0.650609612464905,-0.16648656129837,0.0274595338851213,0.298325210809708,-0.467635154724121,-0.845182061195374,1.738,7.78197,26259.4246795002,10.1757802389915,13.564734984475
"30","AO",2010,"Angola",505638,"Angola",48.1012090362719,10,6360.8489551483,21219954,NA,6.90000009536743,NA,-1.31921756267548,-1.12829649448395,-0.216324865818024,-1.01795446872711,-1.25579440593719,-1.11885321140289,6.218,5.05638,2382.84211172183,7.77604921880712,13.1335762772184
"34","AR",2010,"Argentina",944987,"Argentina",141.383021999383,45,NA,41222875,2.05,7.69999980926514,5.5,-0.413507282733917,-0.190137431025505,-0.0872479826211929,-0.758401334285736,-0.620729744434357,0.330236524343491,2.215,9.44987,2292.38499255571,7.73734803604811,13.7589264497675
"38","AS",2010,"American Samoa",2746,"American Samoa",NA,NA,NA,55636,NA,NA,NA,0.37191316485405,0.486811608076096,0.944275856018066,0.381556451320648,1.1585156917572,1.02395820617676,NA,0.02746,4935.65317420375,8.50424029857112,7.91790058632792
"42","AT",2010,"Austria",500903,"Austria",145.692819882684,75.17,41804.2301651514,8363404,NA,4.40000009536743,0.6,1.62662589550018,1.83814060688019,1.12372100353241,1.46122229099274,1.80579996109009,1.46587014198303,1.44,5.00903,5989.22400496257,8.6977171342971,13.1241677485472
"46","AU",2010,"Australia",455733,"Australia",100.426307443402,76,39086.4159365573,22031750,NA,5.19999980926514,1,2.04423856735229,1.76992738246918,0.871391117572784,1.69240760803223,1.76320958137512,1.44347381591797,1.927,4.55733,2068.52837382414,7.63459270290874,13.0296623906933
"50","AW",2010,"Aruba",14003,"Aruba",129.728240007087,62,NA,101597,NA,NA,3.9,1.13314986228943,1.22857880592346,1.11999261379242,1.36798477172852,1.42050874233246,1.25685811042786,1.701,0.14003,13782.887289979,9.53118305019449,9.54702687135578
"54","AZ",2010,"Azerbaijan",1279665,"Azerbaijan",100.059320146045,46,15627.6055585071,9054332,NA,5.59999990463257,2.1,-1.17901718616486,-0.793946385383606,-0.25327804684639,-0.368364095687866,-0.853012084960938,-1.25603568553925,1.92,12.79665,14133.1795653175,9.55628047268031,14.0621088828915
"58","BA",2010,"Bosnia and Herzegovina",1454358,"Bosnia and Herzegovina",80.8707857061324,42.75,8770.40613348051,3835258,NA,27.2000007629395,1.5,-0.324710518121719,-0.726090788841248,-0.695251762866974,-0.0972387939691544,-0.36558923125267,-0.12797349691391,1.242,14.54358,37920.734406916,10.5432533234524,14.1900751241006
"62","BB",2010,"Barbados",95860,"Barbados",124.845218904692,65.1,15031.8994825762,279566,NA,10.8000001907349,11.1,1.43612897396088,1.41345119476318,1.09381628036499,0.450053691864014,1.04388916492462,1.20916485786438,1.839,0.9586,34288.8620218482,10.4425758580252,11.4706440727136
"66","BD",2010,"Bangladesh",7510646,"Bangladesh",44.9453588152494,3.7,2401.71873034578,151616777,43.65,4.5,2.6,-1.02326989173889,-0.746635735034943,-1.39873051643372,-0.834029614925385,-0.786380767822266,-0.281164437532425,2.277,75.10646,4953.70377118622,8.50789081237656,15.8318320386827
"70","BE",2010,"Belgium",476497,"Belgium",111.08418862569,75,39211.3365794801,10920272,NA,8.30000019073486,1.7,1.49409353733063,1.58155143260956,0.781590223312378,1.28670001029968,1.36986565589905,1.38192486763,1.86,4.76497,4363.41695518207,8.38101073472341,13.0742167061489
"74","BF",2010,"Burkina Faso",1585283,"Burkina Faso",36.7293802352647,2.4,1393.5627158333,15632066,NA,3.29999995231628,NA,-0.388622313737869,-0.560765027999878,-0.147422716021538,-0.139090776443481,-0.183458745479584,-0.277472734451294,5.869,15.85283,10141.2250946228,9.2243640878574,14.2762734982515
"78","BG",2010,"Bulgaria",1273100,"Bulgaria",138.038982701046,46.23,14690.4921407297,7395599,1.93,10.1999998092651,2,-0.206980243325233,0.110421761870384,0.32743227481842,0.647388994693756,-0.103949226438999,0.524106025695801,1.57,12.731,17214.2919052263,9.75349524249717,14.0569654290497
"82","BH",2010,"Bahrain",59462,"Bahrain",125.20844769491,55,39423.6511339632,1261319,NA,7.40000009536743,0.9,0.249003797769547,0.483948051929474,-0.506586134433746,0.731974005699158,0.480077832937241,-0.971696794033051,2.142,0.59462,4714.27133025032,8.45834964022963,10.9930927320443
"86","BI",2010,"Burundi",253974,"Burundi",18.1747415965747,1,693.470000718444,9461117,NA,7.09999990463257,NA,-1.10563027858734,-1.10040652751923,-1.5960978269577,-1.10456168651581,-1.19034886360168,-0.94341641664505,6.304,2.53974,2684.39762450882,7.89521163335925,12.4449871785566
"90","BJ",2010,"Benin",446140,"Benin",74.3960492115605,3.13,1603.44833824991,9509798,NA,1,NA,-0.737614274024963,-0.578227400779724,0.222299322485924,-0.323548525571823,-0.700698554515839,0.288788646459579,5.095,4.4614,4691.3719933904,8.45348035456418,13.0083880830908
"94","BM",2010,"Bermuda",12238,"Bermuda",135.794675986513,84.21,55254.2139022063,65124,NA,NA,10.8,1.33302104473114,0.99969094991684,0.938713669776917,1.3681173324585,1.1585156917572,1.02395820617676,1.76,0.12238,18791.8432528714,9.84117818514131,9.41230114402249
"98","BN",2010,"Brunei Darussalam",46763,"Brunei Darussalam",108.621485936256,53,70486.3327839691,393302,NA,3.70000004768372,NA,0.89476352930069,0.899262726306915,1.24032914638519,1.12344932556152,0.79292243719101,-0.651474952697754,2.051,0.46763,11889.8454622656,9.38343999231404,10.7528475709275
"102","BO",2010,"Bolivia (Plurinational State of)",744774,"Bolivia",70.6859804771301,22.4,5296.39722238607,9918245,NA,3.29999995231628,10.4,-0.44231578707695,-0.503062069416046,-0.444523334503174,-0.786912202835083,-1.05384862422943,-0.0739392042160034,3.357,7.44774,7509.13089967025,8.92387501231847,13.5208360956353
"106","BR",2010,"Brazil",1655735,"Brazil",100.881011548201,40.65,14117.2585678044,198614208,NA,7.90000009536743,22.2,-0.00067958323052153,-0.0393811278045177,0.00571219995617867,0.15649987757206,-0.0037492064293474,0.529738068580627,1.838,16.55735,833.64378443661,6.72580619413583,14.3197555769675
"110","BS",2010,"Bahamas",41168,"Bahamas, The",118.829230675344,43,22431.1375471003,360830,NA,14.6999998092651,26.1,1.35775172710419,1.06818914413452,0.993752300739288,0.516606628894806,0.693690299987793,0.979419112205505,1.901,0.41168,11409.2508937727,9.34217978721904,10.6254165345215
"114","BT",2010,"Bhutan",104036,"Bhutan",54.9999372331537,13.6,6354.39390951885,720246,NA,3.29999995231628,1.7,0.8216552734375,0.56770396232605,0.774687469005585,-1.19411110877991,0.116174921393394,-0.458017438650131,2.375,1.04036,14444.5092371218,9.57806963773833,11.5524922720722
"118","BW",2010,"Botswana",49108,"Botswana",120.010247082654,6,12854.1371539631,2047831,NA,17.8999996185303,NA,1.0033346414566,0.463565230369568,0.960707545280457,0.456126302480698,0.66620796918869,0.442050665616989,2.761,0.49108,2398.0494484164,7.7824109560656,10.8017772333007
"122","BY",2010,"Belarus",1598663,"Belarus",108.869705944641,31.8,15385.4592122602,9490000,0,6.09999990463257,5.1,-0.729501783847809,-1.13526511192322,-0.132864475250244,-1.15691423416138,-1.04114484786987,-1.53647136688232,1.44,15.98663,16845.7639620653,9.73185450726494,14.2846782128808
"126","BZ",2010,"Belize",60056,"Belize",62.9307020528525,28.2,7717.44850167539,321609,NA,10.6999998092651,41.8,-0.0817510709166527,-0.439682155847549,0.0636423230171204,-0.445988446474075,-0.358898669481277,0.675731420516968,2.801,0.60056,18673.6067709548,9.83486640325307,11.0030327392528
"130","CA",2010,"Canada",1236246,"Canada",75.6760779974588,80.3,40055.2721379216,34005274,NA,8,1.4,2.09680795669556,1.78822529315948,0.903790533542633,1.69089186191559,1.80983233451843,1.37569832801819,1.6269,12.36246,3635.45372403116,8.19848920309455,14.0275899263223
"134","CD",2010,"Democratic Republic of the Congo",1170695,"Congo, Dem. Rep.",19.00647585595,0.72,584.260052488966,65938712,NA,8.19999980926514,NA,-1.41807675361633,-1.73494100570679,-2.22715163230896,-1.58230030536652,-1.61214518547058,-1.44467222690582,6.251,11.70695,1775.42897713865,7.48179734997148,13.9731081475096
"138","CF",2010,"Central African Republic",133555,"Central African Republic",22.5114892891158,2,864.009912908322,4444973,NA,6.90000009536743,NA,-0.836116313934326,-1.3902735710144,-2.01191091537476,-1.15169847011566,-1.29392921924591,-1.12345957756042,4.626,1.33555,3004.63017435651,8.0079097692979,11.8022686569986
"142","CG",2010,"Congo",177488,"Congo, Rep.",90.4427471261992,5,5482.11135457295,4066078,NA,6.5,NA,-1.1149697303772,-1.23398840427399,-0.33049750328064,-1.26720714569092,-1.18335688114166,-1.05759513378143,5.072,1.77488,4365.09088118821,8.38139428848954,12.0866582799784
"146","CH",2010,"Switzerland",571469,"Switzerland",123.160910865083,83.9,51321.5104489587,7824909,NA,4.5,0.7,2.09868288040161,1.88692629337311,1.22821509838104,1.64728808403015,1.76633429527283,1.62871098518372,1.52,5.71469,7303.20314268191,8.89606831756652,13.2559655175262
"150","CI",2010,"Côte d'Ivoire",820759,"Cote d'Ivoire",82.2015211585982,2.7,2671.13979517453,20131707,NA,4.09999990463257,NA,-1.13787972927094,-1.26028752326965,-1.56586754322052,-0.912446916103363,-1.23635005950928,-1.09663569927216,4.91,8.20759,4076.94687787777,8.3131036730257,13.617984800884
"153","CK",2010,"Cook Islands",23217,"Cook Islands",NA,NA,NA,NA,NA,NA,NA,-0.235642358660698,-1.01061749458313,1.45078837871552,-1.24060487747192,-0.894524812698364,-0.304032176733017,NA,0.23217,NA,NA,10.0526400479386
"157","CL",2010,"Chile",589007,"Chile",115.751383612155,45,18256.196642289,17015048,NA,8.10000038146973,3.2,1.48591268062592,1.26117897033691,0.67482602596283,1.44733512401581,1.32215189933777,1.09159779548645,1.858,5.89007,3461.68285860845,8.14951012512999,13.2861933471132
"161","CM",2010,"Cameroon",320805,"Cameroon",41.8760103049101,4.3,2522.88180004198,20590666,NA,3.79999995231628,NA,-0.984666526317596,-0.875054717063904,-0.726856529712677,-0.725790083408356,-1.05231285095215,-1.07973611354828,5.017,3.20805,1558.01177096457,7.35116578157839,12.6785887408879
"165","CN",2010,"China",8765967,"China",63.1702780188133,34.3,9238.75523339591,1337705000,11.18,4.19999980926514,1,-0.595846772193909,0.102121397852898,-0.657177746295929,-0.2178905159235,-0.328829795122147,-1.6316169500351,1.65,87.65967,655.298963523348,6.48509156436153,15.986387395409
"169","CO",2010,"Colombia",2330315,"Colombia",95.7645525770184,36.5,10680.0020343587,45918101,8.06,12,32.3,-0.408625990152359,-0.0428464375436306,-1.53230726718903,0.259051293134689,-0.345435202121735,-0.153863206505775,2.376,23.30315,5074.93765911617,8.53206951991655,14.6615140095372
"173","CR",2010,"Costa Rica",123931,"Costa Rica",66.9932126042763,36.5,12402.959239315,4545273,1.61,7.30000019073486,11.3,0.647821247577667,0.314152956008911,0.685166001319885,0.504243612289429,0.488281816244125,1.03852272033691,1.847,1.23931,2726.59090004055,7.91080735327142,11.7274802380976
"177","CU",2010,"Cuba",1401831,"Cuba",8.8905834617411,15.9,18061.0095711227,11308133,NA,2.5,NA,0.410283446311951,-0.392010658979416,0.330929815769196,-1.69171869754791,-0.657089531421661,-1.55119204521179,1.467,14.01831,12396.6617654745,9.42518250288721,14.1532897972282
"181","CV",2010,"Cape Verde",163114,"Cabo Verde",76.2654301365256,30,5850.14530533637,490379,NA,7,10.7,0.797934651374817,-0.0207794904708862,0.857144117355347,-0.0393902324140072,0.424753874540329,0.885580897331238,2.427,1.63114,33262.8436372683,10.4121962463042,12.0022046218352
"185","CW",2010,"Curaçao",81300,"Curacao",138.265112496612,NA,NA,148703,NA,NA,NA,NA,NA,NA,NA,NA,NA,2.2,0.813,54672.7369320054,10.9091204534127,11.3059012955359
"189","CY",2010,"Cyprus",131191,"Cyprus",93.6925843877556,52.99,33934.3918251109,1103685,NA,6.30000019073486,0.7,1.00477957725525,1.52886843681335,0.444838523864746,1.43244135379791,1.19597494602203,1.02200484275818,1.478,1.31191,11886.6343204809,9.38316988152947,11.7844095555782
"193","CZ",2010,"Czech Republic",436151,"Czech Republic",122.555111235386,68.82,27050.957822152,10474410,0.04,7.30000019073486,1,0.25911208987236,0.913220763206482,0.960050463676453,1.30077648162842,0.925458967685699,1.00034725666046,1.51,4.36151,4163.96723061251,8.33422356001429,12.9857437926479
"197","DE",2010,"Germany",3764443,"Germany",106.48369587659,82,39553.2006202008,81776930,NA,7.09999990463257,0.8,1.73689413070679,1.5659327507019,0.78486180305481,1.57578635215759,1.61586809158325,1.31028378009796,1.39,37.64443,4603.30682504222,8.43453019921949,15.1411104667046
"201","DJ",2010,"Djibouti",12745,"Djibouti",19.8568167321315,6.5,2621.60065356381,830802,NA,NA,NA,-0.317097097635269,-0.98922723531723,0.263734310865402,-0.625420033931732,-0.713961720466614,-1.24826121330261,3.604,0.12745,1534.05986023144,7.335673003481,9.45289431681022
"205","DK",2010,"Denmark",239886,"Denmark",115.669922980876,88.72,41806.9299938892,5547683,NA,7.5,0.8,2.4135639667511,2.0936598777771,1.03074467182159,1.88333690166473,1.89661645889282,1.58205997943878,1.87,2.39886,4324.07547439174,8.37195363336896,12.3879190894759
"209","DM",2010,"Dominica",73417,"Dominica",148.3370101311,47.45,10165.1108887331,71167,NA,NA,21.1,0.735436379909515,0.650599122047424,0.991886258125305,0.426805168390274,0.685499250888824,1.01184546947479,NA,0.73417,103161.577697528,11.5440517535729,11.2039107954151
"213","DO",2010,"Dominican Republic",1255142,"Dominican Republic",88.7787084034947,31.4,10981.1765567903,9897983,2.61,12.3999996185303,24.7,-0.807691335678101,-0.661428511142731,-0.0687154084444046,-0.145274236798286,-0.802216827869415,0.0341533571481705,2.584,12.55142,12680.785570151,9.44784317955412,14.0427592715577
"217","DZ",2010,"Algeria",1657306,"Algeria",88.4448754843803,12.5,12590.0814953833,36036159,NA,10,0.7,-0.487805157899857,-0.476443648338318,-1.26249086856842,-1.16555154323578,-0.74908047914505,-1.02694618701935,2.817,16.57306,4599.00845703339,8.43359600642351,14.3207039504514
"221","EC",2010,"Ecuador",1139462,"Ecuador",98.531158306553,29.03,9163.15787339406,14934692,7.05,5,17.6,-0.861336052417755,-0.716951310634613,-0.621584951877594,-1.16023218631744,-1.20728015899658,-0.260243058204651,2.655,11.39462,7629.6317326129,8.93979485740108,13.9460667791522
"225","EE",2010,"Estonia",175010,"Estonia",127.282787576442,74.1,21085.140620296,1331475,0.92,16.8999996185303,5.4,0.860974490642548,1.11285519599915,0.598336696624756,1.40000760555267,1.12681007385254,1.09838032722473,1.72,1.7501,13144.069546931,9.48372595085732,12.0725983941302
"229","EG",2010,"Egypt",3296232,"Egypt, Arab Rep.",90.5031917419125,21.6,9897.24325888233,82040994,NA,9,2.4,-0.549852013587952,-0.376394629478455,-0.908586978912354,-0.156602278351784,-0.115331426262856,-1.14705574512482,2.883,32.96232,4017.78652267426,8.29848641371809,15.0082905558839
"235","EH",2010,"Western Sahara",92018,"Sub-Saharan Africa (developing only)",44.3910261066753,10.0155807218548,3088.74197334922,872981672,46.11,7.63349133420518,NA,NA,NA,NA,NA,NA,NA,5.23759112689782,0.92018,10.5406565740592,2.35523983472706,11.4297394890677
"236","EH",2010,"Western Sahara",92018,"Sub-Saharan Africa (all income levels)",44.41018352126,10.0156160395813,3114.87602092889,873800152,NA,7.63278473121498,NA,NA,NA,NA,NA,NA,NA,5.2371311384341,0.92018,10.5307832448168,2.35430270560348,11.4297394890677
"241","ER",2010,"Eritrea",337069,"Eritrea",3.22713584487035,0.61,1299.28988595228,4689664,NA,7.30000019073486,NA,-0.474667936563492,-1.36989414691925,-0.871544241905212,-2.24900341033936,-1.28647935390472,-2.15530681610107,4.968,3.37069,7187.48720590644,8.88009690505622,12.728042936151
"245","ES",2010,"Spain",1104141,"Spain",111.275766998416,65.8,32350.5162163131,46576897,NA,20.2000007629395,0.8,1.01327705383301,0.989432156085968,-0.289152979850769,1.15392291545868,1.15825772285461,1.11535024642944,1.37,11.04141,2370.57655429472,7.77088847639769,13.9145782150553
"249","ET",2010,"Ethiopia",562850,"Ethiopia",7.86954232342393,0.75,1053.79672105835,87561814,33.54,5.40000009536743,NA,-0.703992009162903,-0.415905863046646,-1.61553227901459,-0.852070093154907,-0.753757238388062,-1.31339716911316,4.902,5.6285,642.803037406237,6.46583835912636,13.240768441783
"253","FI",2010,"Finland",300656,"Finland",156.305511511184,86.89,38296.5063062292,5363352,NA,8.39999961853027,2.2,2.18195843696594,2.24521160125732,1.39264941215515,1.88797914981842,1.97677850723267,1.52345323562622,1.87,3.00656,5605.7480471168,8.63154778728214,12.6137220330289
"257","FJ",2010,"Fiji",185543,"Fiji",81.1007728697277,20,6958.86776827883,859952,NA,8.39999961853027,NA,-0.849089384078979,-0.727096915245056,-0.15395113825798,-0.669318616390228,-0.846666812896729,-1.00114667415619,2.67,1.85543,21575.9716821404,9.97933555234839,12.1310419400967
"261","FM",2010,"Micronesia (Federated States of)",28605,"Micronesia, Fed. Sts.",26.5569055868132,20,3269.6413299861,103619,NA,NA,NA,-0.120937459170818,-0.801767408847809,1.22519505023956,-0.914812803268433,-0.086788684129715,1.07620930671692,3.46,0.28605,27605.9409953773,10.2257862819972,10.2613368067026
"265","FO",2010,"Faeroe Islands",12455,"Faeroe Islands",119.896734636252,75.2,NA,48567,NA,NA,NA,NA,NA,NA,NA,NA,NA,NA,0.12455,25644.9852780695,10.1521033257569,9.42987742769628
"269","FR",2010,"France",1928698,"France",91.3873297259601,77.28,35866.5388019451,65027512,NA,9.30000019073486,1.1,1.43597483634949,1.4474401473999,0.670789420604706,1.31090223789215,1.51152920722961,1.20179212093353,2.03,19.28698,2965.9723103046,7.9949601869512,14.4723557218294
"273","GA",2010,"Gabon",29928,"Gabon",103.455676632254,7.23,15804.0622468418,1541936,NA,20.3999996185303,NA,-0.780383229255676,-0.783340454101563,0.297931671142578,-0.565671324729919,-0.514412820339203,-0.887672126293182,4.214,0.29928,1940.93658880784,7.57092591329369,10.306549776028
"277","GB",2010,"United Kingdom of Great Britain and Northern Ireland",4826530,"United Kingdom",123.625486273963,85,35920.0219352981,62766365,NA,7.90000009536743,1.2,1.56045782566071,1.55978834629059,0.401284515857697,1.7361011505127,1.76136112213135,1.29453456401825,1.92,48.2653,7689.67583195235,8.94763390711862,15.3896383409357
"281","GD",2010,"Grenada",56109,"Grenada",116.497415860218,27,10952.156812181,104677,NA,NA,9.6,0.437402158975601,0.172351241111755,0.513798117637634,0.334736168384552,0.111378274857998,0.821087658405304,2.24,0.56109,53602.0329203168,10.8893422739575,10.9350515064511
"285","GE",2010,"Georgia",734367,"Georgia",90.6479269136874,26.9,5818.19411750887,4452800,19.58,16.2999992370605,4.3,-0.119074933230877,0.292477339506149,-0.716687321662903,0.585624396800995,-0.212603271007538,-0.182572513818741,1.82,7.34367,16492.2520661157,9.71064597785477,13.5067641826383
"288","GF",2010,"French Guiana",4261,"French Guiana",NA,NA,NA,NA,NA,NA,NA,1.13314986228943,1.17925596237183,0.194881841540337,1.24693465232849,1.17325258255005,1.1069415807724,NA,0.04261,NA,NA,8.35725915349991
"292","GH",2010,"Ghana",684876,"Ghana",71.8667112395175,7.8,3021.48496438917,24317734,NA,4.19999980926514,NA,0.0597239136695862,-0.039284598082304,0.0237016789615154,0.123863980174065,-0.0630011782050133,0.492735892534256,4.052,6.84876,2816.36438658306,7.9432021075512,13.4369930789601
"296","GL",2010,"Greenland",16895,"Greenland",101.420082764475,63,NA,56905,NA,NA,NA,1.20013630390167,0.977465271949768,1.62520492076874,1.36260974407196,1.71987390518188,1.24070394039154,2.2,0.16895,29689.8339337492,10.2985599744026,9.73477299914839
"300","GM",2010,"Gambia",69211,"Gambia, The",87.9633353960396,9.2,1621.43180563733,1693002,NA,7,NA,-0.559655249118805,-0.655968427658081,0.0797288864850998,-0.383182734251022,-0.510597884654999,-1.08519554138184,5.796,0.69211,4088.06368805235,8.31582671103135,11.1449150885106
"304","GN",2010,"Guinea",393851,"Guinea",36.778115697148,1,1147.08498141336,11012406,NA,1.60000002384186,NA,-1.19224917888641,-1.13092768192291,-1.68228924274445,-1.08092105388641,-1.49858129024506,-0.946654081344604,5.174,3.93851,3576.43007350074,8.18212039570086,12.883727944166
"308","GQ",2010,"Equatorial Guinea",108906,"Equatorial Guinea",57.3554908520513,6,32228.2042039293,728710,NA,7,NA,-1.49228978157043,-1.68852972984314,0.232970520853996,-1.38371300697327,-1.26806783676147,-1.86550641059875,5.14,1.08906,14945.0398649669,9.61213474215957,11.598240403822
"312","GR",2010,"Greece",844241,"Greece",110.645518509948,44.4,28900.8054859021,11153454,NA,12.5,1.6,-0.158179402351379,0.547923386096954,-0.131705909967422,0.633071064949036,0.60506671667099,0.879646003246307,1.51,8.44241,7569.3233683485,8.93185895912725,13.6461932778416
"316","GT",2010,"Guatemala",1007898,"Guatemala",125.983155547201,10.5,6532.7718995791,14732261,NA,3.70000004768372,41.6,-0.481299340724945,-0.698748171329498,-0.873141407966614,-0.130302429199219,-0.998815655708313,-0.334464609622955,3.974,10.07898,6841.43459038636,8.8307527240618,13.8233775320172
"320","GU",2010,"Guam",2823,"Guam",NA,54.04,NA,159440,NA,NA,1.9,0.852467060089111,-0.0260677821934223,0.426382064819336,0.628196716308594,1.1585156917572,0.806662201881409,2.472,0.02823,1770.57200200702,7.47905793833704,7.94555542825349
"324","GW",2010,"Guinea-Bissau",88841,"Guinea-Bissau",42.6922194546408,2.45,1301.19117683932,1634196,67.08,6.80000019073486,NA,-1.06257021427155,-1.03649008274078,-0.65553343296051,-1.13888370990753,-1.34582161903381,-0.897211790084839,5.115,0.88841,5436.37360512448,8.60086750085722,11.3946035341359
"328","GY",2010,"Guyana",446441,"Guyana",71.2859007334702,29.9,5666.10453938236,753362,NA,11.3999996185303,17.8,-0.554820895195007,-0.117361970245838,-0.440844714641571,-0.578036546707153,-0.481597423553467,0.0526738911867142,2.682,4.46441,59259.8246261425,10.9896868617263,13.0090625317098
"332","HK",2010,"China, Hong Kong Special Administrative Region",754629,"Hong Kong SAR, China",195.669219183053,72,47134.5606632299,7024200,NA,4.30000019073486,0.5,1.97415912151337,1.69714176654816,0.884916841983795,1.90706396102905,1.53907918930054,0.505049109458923,1.127,7.54629,10743.2732553173,9.2820350940051,13.5339815167307
"336","HN",2010,"Honduras",629055,"Honduras",124.718758348418,11.09,4249.1009400495,7503875,15.47,4.80000019073486,81.8,-0.865697026252747,-0.64030385017395,-0.537791430950165,-0.206955432891846,-0.88523918390274,-0.513393878936768,3.154,6.29055,8383.06874781363,9.03396932546474,13.3519739722414
"340","HR",2010,"Croatia",728005,"Croatia",113.608144900896,56.55,18968.8863410239,4417781,0,11.8000001907349,1.4,-0.0287593491375446,0.629216074943542,0.579833507537842,0.560172319412231,0.174151942133904,0.427891761064529,1.55,7.28005,16478.9743991384,9.70984056846491,13.4980631952871
"344","HT",2010,"Haiti",1135322,"Haiti",40.4187381269957,8.37,1471.64864340992,9999617,NA,8,6.8,-1.20792543888092,-1.63143789768219,-0.993443429470062,-1.01233005523682,-1.3891054391861,-0.731526434421539,3.35,11.35322,11353.6548449806,9.33729498384818,13.9424268691028
"348","HU",2010,"Hungary",491198,"Hungary",119.942717821013,65,21477.6000817606,10000023,0.08,11.1999998092651,1.3,0.252408772706985,0.66554069519043,0.670443773269653,1.02158343791962,0.747584283351898,0.900491893291473,1.25,4.91198,4911.96870247198,8.4994300981601,13.1046025841455
"352","ID",2010,"Indonesia",2834538,"Indonesia",87.7901449325222,10.92,8294.05431709626,241613126,15.9,7.09999990463257,0.4,-0.745403170585632,-0.197472155094147,-0.853800714015961,-0.396416246891022,-0.640298306941986,-0.0711832940578461,2.434,28.34538,1173.17218932882,7.06746663185201,14.8573895189011
"356","IE",2010,"Ireland",737036,"Ireland",105.235809874784,69.85,42900.057293365,4560155,NA,13.8999996185303,1.2,1.69851434230804,1.33633708953857,0.979066550731659,1.61479914188385,1.76838028430939,1.34300351142883,2.05,7.37036,16162.5207915082,9.6904503094835,13.5103920166542
"360","IL",2010,"Israel",340400,"Israel",122.783667871998,67.5,28762.6222506766,7623600,NA,6.59999990463257,2,0.668069183826447,1.36792409420013,-1.32212233543396,1.22546696662903,0.898706555366516,0.562888622283936,3.03,3.404,4465.08211343722,8.40404288360896,12.7378766756814
"364","IM",2010,"Isle of Man",1143,"Isle of Man",NA,NA,NA,84327,NA,NA,NA,NA,NA,NA,NA,NA,NA,NA,0.01143,1355.437760148,7.21187975135778,7.04141166379481
"368","IN",2010,"India",13425336,"India",62.3900648719982,7.5,4362.84881448244,1230984504,NA,3.5,3.5,-0.512842774391174,0.016961207613349,-1.23315250873566,-0.371139615774155,-0.0413999818265438,0.427914261817932,2.563,134.25336,1090.61779058756,6.99449959501943,16.412654225979
"372","IQ",2010,"Iraq",2594686,"Iraq",75.1376606061937,2.5,12117.2103401394,30868156,NA,15.1999998092651,NA,-1.31015408039093,-1.22080516815186,-2.25553894042969,-1.05018019676208,-1.61512136459351,-1.05609309673309,4.211,25.94686,8405.70457140362,9.03666586998001,14.768976065334
"376","IR",2010,"Iran (Islamic Republic of)",1005769,"Iran, Islamic Rep.",72.5894228857835,15.9,16682.9710463057,74253373,NA,13.5,NA,-0.991351783275604,-0.475022166967392,-1.62013185024261,-1.69501078128815,-0.983999013900757,-1.57475757598877,1.904,10.05769,1354.50951164198,7.21119468375371,13.8212629810082
"380","IS",2010,"Iceland",32301,"Iceland",107.24275410166,93.39,38659.003252583,318041,NA,7.59999990463257,0.6,1.93743014335632,1.5928989648819,1.00950741767883,0.90251213312149,1.69759631156921,1.48169589042664,2.2,0.32301,10156.2377177785,9.22584334918499,10.3828534684838
"384","IT",2010,"Italy",2811204,"Italy",154.797008800909,53.68,34716.1006356343,59277417,NA,8.39999961853027,0.9,-0.00498171057552099,0.446260303258896,0.474065631628037,0.888673186302185,0.378262758255005,0.951677322387695,1.46,28.11204,4742.45360589852,8.46430991913581,14.8491234192939
"388","JM",2010,"Jamaica",1062821,"Jamaica",116.068298750495,27.67,8201.12426816895,2690824,NA,12.3999996185303,52.6,-0.375671088695526,0.196869522333145,-0.406029134988785,0.280625134706497,-0.498918682336807,0.415401577949524,2.334,10.62821,39497.9753413824,10.5840046923953,13.8764372517994
"392","JO",2010,"Jordan",603731,"Jordan",102.563244493733,27.2,11028.3992419558,6046000,0.13,12.5,1.7,0.0647471770644188,0.131783306598663,-0.310098081827164,0.250308007001877,0.202605694532394,-0.802109241485596,3.458,6.03731,9985.62686073437,9.20890202412312,13.3108840134744
"396","JP",2010,"Japan",828991,"Japan",96.8075244937818,78.21,33740.527185891,128070000,NA,5,0.4,1.57304501533508,1.52221834659576,0.854384362697601,1.03042078018188,1.32575702667236,1.03676497936249,1.39,8.28991,647.295229171547,6.47280249517292,13.6279645776049
"400","KE",2010,"Kenya",410619,"Kenya",61.0349130809079,14,2487.22454240224,40328313,NA,9.30000019073486,5.5,-0.935705780982971,-0.542841851711273,-1.16971147060394,-0.074295237660408,-0.993409097194672,-0.22547921538353,4.616,4.10619,1018.19037161311,6.92578218514098,12.9254210562421
"404","KG",2010,"Kyrgyzstan",723984,"Kyrgyz Republic",98.8986962112383,16.3,2733.72932644944,5447900,3.96,8.60000038146973,20.1,-1.10906553268433,-0.634823679924011,-1.03312838077545,-0.2542884349823,-1.28206145763397,-0.958744287490845,3.06,7.23984,13289.2307127517,9.49470926536311,13.4925245716761
"408","KH",2010,"Cambodia",957237,"Cambodia",56.7407111109688,1.26,2462.45278003087,14363586,9.97,0.400000005960464,NA,-1.23238456249237,-0.924212396144867,-0.541782319545746,-0.461910247802734,-1.08956027030945,-0.926010072231293,2.966,9.57237,6664.331595188,8.8045249417906,13.771806288678
"412","KI",2010,"Kiribati",4587,"Kiribati",10.8396509212936,9.07,1613.41844350417,102648,NA,NA,NA,-0.042808149009943,-0.850215435028076,1.48047387599945,-1.35417354106903,0.0654529482126236,0.683416187763214,3.048,0.04587,4468.6696282441,8.40484602099255,8.43098149459717
"416","KM",2010,"Comoros",105882,"Comoros",24.1959591907841,5.1,1366.09713080229,698695,NA,6.5,NA,-0.745625793933868,-1.74064934253693,-0.495846390724182,-1.42239677906036,-1.05792629718781,-0.471446871757507,4.919,1.05882,15154.2518552444,9.62603642207371,11.5700805454713
"420","KN",2010,"Saint Kitts and Nevis",27660,"St. Kitts and Nevis",152.81173594132,63,20064.4254138757,52352,NA,NA,40.1,1.03872418403625,0.71533989906311,1.06233251094818,0.433825373649597,0.705409228801727,1.18268752098083,NA,0.2766,52834.6577017115,10.8749226502266,10.2277426052187
"424","KP",2010,"Democratic People's Republic of Korea",204290,"Korea, Dem. Rep.",1.76289727728228,0,NA,24500506,NA,4.5,NA,-1.33679139614105,-1.88236212730408,-0.37738424539566,-2.44609498977661,-1.2984561920166,-2.19293785095215,2.003,2.0429,833.819513768409,6.72601696858902,12.2272958319817
"428","KR",2010,"Republic of Korea",2474689,"Korea, Rep.",104.774246283547,83.7,30465.2536063364,49410366,NA,3.70000004768372,NA,0.401664584875107,1.21732473373413,0.28609710931778,0.93398916721344,0.990096569061279,0.729968130588531,1.226,24.74689,5008.44094131988,8.51887995629215,14.7216252895238
"432","KW",2010,"Kuwait",302119,"Kuwait",133.011485569498,61.4,72202.3428627651,3059473,NA,1.79999995231628,NA,0.399751245975494,0.178671389818192,0.4375881254673,0.169896319508553,0.603420495986938,-0.506392776966095,2.673,3.02119,9874.87060680058,9.19774848657467,12.6185762584788
"436","KY",2010,"Cayman Islands",4205,"Cayman Islands",181.174223999712,66,NA,55509,NA,NA,NA,1.13314986228943,1.22857880592346,1.20200896263123,1.14104151725769,0.893019556999207,0.542425751686096,NA,0.04205,7575.34814174278,8.93265458862745,8.34402957240705
"440","KZ",2010,"Kazakhstan",3811769,"Kazakhstan",121.867000998108,31.6,19204.5841538842,16321581,0.12,5.80000019073486,8.7,-0.975345253944397,-0.425547420978546,0.452350348234177,-0.335145980119705,-0.612618386745453,-1.10206842422485,2.6,38.11769,23354.1652613187,10.0585306309709,15.1536039438089
"444","LA",2010,"Lao People's Democratic Republic",1180917,"Lao PDR",62.594975728273,7,3904.35713550036,6260544,NA,1.39999997615814,NA,-1.2068852186203,-0.873094081878662,-0.273195266723633,-1.01251363754272,-0.92417699098587,-1.61917841434479,3.29,11.80917,18862.8496181801,9.84494963799672,13.9818018132856
"448","LB",2010,"Lebanon",648517,"Lebanon",65.9664434662983,43.68,15948.4548578408,4337156,NA,6.19999980926514,2.2,-0.860668241977692,-0.276022970676422,-1.63135087490082,0.0763970091938972,-0.689991891384125,-0.3544040620327,1.513,6.48517,14952.5864414377,9.61263956997123,13.3824434967358
"452","LC",2010,"Saint Lucia",56206,"St. Lucia",111.733569338828,43.3,10302.6241101154,177397,NA,NA,24.8,1.2230738401413,0.805501341819763,0.817845344543457,0.426805168390274,0.82278960943222,1.21976983547211,1.982,0.56206,31683.7376054837,10.3635588189404,10.936778791749
"456","LI",2010,"Liechtenstein",3671,"Liechtenstein",98.2834994462902,80,NA,36276,NA,NA,2.8,1.85415089130402,1.7611038684845,1.57240164279938,1.51934909820557,1.61912703514099,1.57533049583435,1.4,0.03671,10119.6383283714,9.2222332038996,8.20821938349683
"460","LK",2010,"Sri Lanka",1154263,"Sri Lanka",83.6239549541907,12,7418.83675499007,20653000,NA,4.90000009536743,3.6,-0.399226397275925,-0.183354631066322,-0.923109710216522,-0.204731598496437,-0.0755485743284225,-0.518792688846588,2.343,11.54263,5588.83939379267,8.62852692273097,13.9589726030305
"464","LR",2010,"Liberia",333692,"Liberia",39.6996455271489,2.3,683.792111439498,3957990,NA,3.70000004768372,3.3,-0.527838468551636,-1.26971614360809,-0.458232432603836,-1.05372703075409,-1.01172435283661,-0.259230405092239,5.024,3.33692,8430.84494907769,9.03965227718041,12.7179736908231
"468","LS",2010,"Lesotho",276645,"Lesotho",49.1531523638809,3.86,2187.49913709892,2010586,59.65,24.7000007629395,38,0.178159609436989,-0.315489441156387,0.47499868273735,-0.596762776374817,-0.300461858510971,-0.139833346009254,3.207,2.76645,13759.4213826218,9.52947905992162,12.530490374785
"472","LT",2010,"Lithuania",496926,"Lithuania",159.395389930509,62.12,20052.2335306206,3097282,1.71,17.7999992370605,7.1,0.270742118358612,0.758121013641357,0.667405664920807,0.969798862934113,0.754721164703369,0.898664236068726,1.5,4.96926,16043.9378784366,9.6830863549326,13.1161964006329
"476","LU",2010,"Luxembourg",53573,"Luxembourg",143.142640558394,90.62,84200.5692819622,506953,NA,4.40000009536743,2,2.0631206035614,1.71032190322876,1.44149947166443,1.68742871284485,1.83142280578613,1.55917990207672,1.63,0.53573,10567.6463104075,9.265552377664,10.8888004888004
"480","LV",2010,"Latvia",297875,"Latvia",110.312319572317,68.42,17488.7587894008,2097555,1.92,18.7000007629395,3.3,0.125357061624527,0.720109641551971,0.48963138461113,0.986226439476013,0.775623977184296,0.766885161399841,1.36,2.97875,14201.0578983626,9.56107174069906,12.604429214401
"484","LY",2010,"Libya",134704,"Libya",180.44529262929,14,28583.4658840964,6265697,NA,18.7999992370605,NA,-1.25809943675995,-1.10077953338623,-0.0283928662538528,-1.18241620063782,-0.939259767532349,-1.88992714881897,2.525,1.34704,2149.8645721298,7.67316012943071,11.8108350575774
"488","MA",2010,"Morocco",2702722,"Morocco",101.074252995036,52,6245.02352661895,32107739,NA,9.10000038146973,1.4,-0.175299242138863,-0.0905928611755371,-0.383017271757126,-0.0683499127626419,-0.156803071498871,-0.727925539016724,2.583,27.02722,8417.66528624142,9.03808778686756,14.8097699712827
"492","MC",2010,"Monaco",50461,"Monaco",63.5472927127154,75,NA,36845,NA,NA,NA,NA,NA,0.99679571390152,NA,0.896289467811584,1.03704762458801,NA,0.50461,136954.810693445,11.8274063014452,10.828956039676
"496","MD",2010,"Republic of Moldova",804668,"Moldova",71.3846870326088,32.3,3845.63557297889,3562045,0.53,7.40000009536743,7.5,-0.686007559299469,-0.641854345798492,-0.385924935340881,-0.100496456027031,-0.394854962825775,-0.105061821639538,1.477,8.04668,22590.0571160668,10.0252651378372,13.598185048971
"500","ME",2010,"Montenegro",266151,"Montenegro",188.685939510836,37.5,13339.0136473913,619428,0,19.7000007629395,2.4,-0.237654820084572,0.0898017212748528,0.5411297082901,-0.0696101635694504,-0.00228037103079259,0.204645410180092,1.698,2.66151,42967.2213719754,10.6681928103071,12.4918190958736
"504","MG",2010,"Madagascar",158999,"Madagascar",36.5839289031654,1.7,1362.29876646906,21079532,81.76,3.59999990463257,NA,-0.274230748414993,-0.946582973003387,-1.04567658901215,-0.557302713394165,-0.853505194187164,-0.829660713672638,4.654,1.58999,754.281451789347,6.62576557659218,11.9766531918744
"508","MH",2010,"Marshall Islands",9502,"Marshall Islands",NA,7,3442.84928968196,52428,NA,NA,NA,-0.328026443719864,-1.28103649616241,1.26253664493561,-0.987159669399261,-0.274769246578217,1.12357759475708,NA,0.09502,18123.9032578012,9.80498696797766,9.15925758174687
"512","MK",2010,"The former Yugoslav Republic of Macedonia",490521,"Macedonia, FYR",102.435953298805,51.9,11670.2871457782,2062443,NA,32,2,-0.0573712140321732,-0.154855892062187,-0.485764592885971,0.284938216209412,-0.29010197520256,0.0935432314872742,1.452,4.90521,23783.4936529155,10.0767470750515,13.1032233705267
"516","ML",2010,"Mali",831256,"Mali",53.1989399941842,2,1503.03259817974,15167286,NA,8.10000038146973,NA,-0.650766670703888,-0.839936435222626,-0.207797572016716,-0.479250967502594,-0.441682606935501,0.1343904286623,6.841,8.31256,5480.58499061731,8.60896712435732,13.6306930889713
"520","MM",2010,"Myanmar",2385148,"Myanmar",1.14382037275411,0.25,NA,51733013,NA,3.5,NA,-1.68283092975616,-1.65158426761627,-1.28284776210785,-2.24946546554565,-1.5120335817337,-2.08243942260742,2.003,23.85148,4610.4950430782,8.43609051484104,14.6847717348866
"524","MN",2010,"Mongolia",58290,"Mongolia",92.5437694314748,10.2,7552.64605333124,2712657,0.76,6.5,8.8,-0.73017293214798,-0.572325587272644,0.590470194816589,-0.225236728787422,-0.386120557785034,0.0445994697511196,2.437,0.5829,2148.81571831603,7.67267214066963,10.9731858310396
"528","MO",2010,"China, Macao Special Administrative Region",131383,"Macao SAR, China",209.915155641514,55.198,96725.4196321235,534626,NA,2.79999995231628,0.7,0.428487509489059,1.32471799850464,0.549193382263184,1.33881402015686,0.704132676124573,0.613995909690857,1.003,1.31383,24574.7494510181,10.1094747496844,11.7858720007116
"532","MP",2010,"Northern Mariana Islands",9740,"Northern Mariana Islands",NA,NA,NA,53860,NA,NA,NA,NA,NA,NA,NA,NA,NA,NA,0.0974,18083.9212773858,9.80277849524122,9.18399639663658
"535","MQ",2010,"Martinique",16722,"Martinique",NA,NA,NA,NA,NA,NA,NA,0.852467060089111,0.743251264095306,0.426382064819336,0.874836921691895,0.894105017185211,0.589366316795349,NA,0.16722,NA,NA,9.72448049671
"539","MR",2010,"Mauritania",130996,"Mauritania",76.911248898715,4,3248.84190283182,3591400,NA,31.1000003814697,NA,-0.671020984649658,-0.962929785251617,-1.07960402965546,-0.820404708385468,-0.867919564247131,-0.951103389263153,4.837,1.30996,3647.49122904717,8.20179487574625,11.782922067366
"543","MT",2010,"Malta",97783,"Malta",107.261182187607,63,26671.46656418,414508,NA,6.90000009536743,0.9,0.855002582073212,1.19686198234558,1.21181440353394,1.42952620983124,1.43661558628082,1.15512156486511,1.36,0.97783,23590.1357754253,10.06858392802,11.4905060167829
"547","MU",2010,"Mauritius",153591,"Mauritius",96.7692918997058,28.33,15283.4524907274,1250400,NA,7.69999980926514,2.7,0.652759432792664,0.848313748836517,0.58281409740448,0.897961854934692,0.862825393676758,0.779456615447998,1.57,1.53591,12283.349328215,9.41599991110985,11.942048504229
"551","MV",2010,"Maldives",1242,"Maldives",151.783883031312,26.53,11201.0734668637,332575,NA,11.6999998092651,NA,-0.52621603012085,-0.212501719594002,-0.129502415657043,-0.395782887935638,-0.328984767198563,-0.0991614460945129,2.339,0.01242,373.449597835075,5.92278304991155,7.12447826249342
"555","MW",2010,"Malawi",270955,"Malawi",20.7634710018734,2.26,734.308766708981,14769824,70.91,7.5,3.5,-0.457400560379028,-0.420413732528687,0.0556567087769508,-0.575703084468842,-0.142399653792381,-0.205307096242905,5.636,2.70955,1834.51745938205,7.51453676099292,12.5097080344132
"559","MX",2010,"Mexico",12740804,"Mexico",77.5182632596037,31.05,14599.4455033332,118617542,3.8,5.19999980926514,21.8,-0.370289623737335,0.144243687391281,-0.738721311092377,0.260171413421631,-0.577744007110596,0.151380524039268,2.281,127.40804,10741.0790892969,9.28183083687947,16.3603203144373
"563","MY",2010,"Malaysia",1574958,"Malaysia",119.74429756009,56.3,20096.8482599485,28119500,NA,3.40000009536743,NA,0.133004635572433,1.12892556190491,0.122588649392128,0.594910264015198,0.526330709457397,-0.477177411317825,2.002,15.74958,5600.94596276605,8.63069078438005,14.2697391632196
"567","MZ",2010,"Mozambique",742842,"Mozambique",30.1418455547598,4.17,897.472273228171,24321457,NA,8.30000019073486,NA,-0.429182142019272,-0.573517858982086,0.343786805868149,-0.390764474868774,-0.471203148365021,-0.11138416826725,5.409,7.42842,3054.2660334864,8.02429459183621,13.5182386496732
"573","NA",2010,"Namibia",117635,"Namibia",89.4952516490612,11.6,8206.85760461263,2193643,NA,22.1000003814697,14.4,0.317617803812027,0.110380552709103,0.805032968521118,0.138197302818298,0.194185957312584,0.353134214878082,3.229,1.17635,5362.54075982282,8.58719316410675,11.6753418892145
"574",NA,2010,"Channel Islands",22144,"Namibia",89.4952516490612,11.6,8206.85760461263,2193643,NA,22.1000003814697,14.4,0.317617803812027,0.110380552709103,0.805032968521118,0.138197302818298,0.194185957312584,0.353134214878082,3.229,0.22144,1009.46234186693,6.91717313330962,10.0053218584174
"579","NC",2010,"New Caledonia",6039,"New Caledonia",89.6224921766871,42,NA,250000,NA,NA,NA,NA,NA,-0.193969368934631,NA,NA,NA,2.17,0.06039,2415.6,7.78970298243375,8.7059937143079
"583","NE",2010,"Niger",252044,"Niger",23.0821922031471,0.83,804.05102538486,16291990,NA,5.09999990463257,NA,-0.667617559432983,-0.665648698806763,-1.17541468143463,-0.510624527931213,-0.520579934120178,-0.668239176273346,7.584,2.52044,1547.04244232902,7.34410028544496,12.4373589544268
"587","NG",2010,"Nigeria",944418,"Nigeria",54.6609495166735,24,5019.18604095702,159424742,NA,7.59999990463257,NA,-0.997326612472534,-1.15112030506134,-2.19360589981079,-0.713758111000061,-1.17335259914398,-0.802217721939087,6.022,9.44418,592.39111078505,6.38416707685407,13.7583241437323
"591","NI",2010,"Nicaragua",626042,"Nicaragua",68.054015237172,10,3942.82260348053,5737722,NA,8,13.5,-0.773449122905731,-0.958572566509247,-0.507883191108704,-0.263939380645752,-0.836210131645203,-0.493034034967422,2.631,6.26042,10910.985230724,9.29752538004076,13.3471727404834
"595","NL",2010,"Netherlands",947080,"Netherlands",115.43015049494,90.72,44742.9858280209,16615394,NA,4.5,0.9,2.17925047874451,1.7281209230423,0.913827419281006,1.73571991920471,1.81037640571594,1.48677563667297,1.79,9.4708,5700.01529906543,8.64822413786561,13.7611388458969
"599","NO",2010,"Norway",187334,"Norway",114.475540102113,93.39,58772.3647147569,4889252,NA,3.59999990463257,0.6,2.10222935676575,1.86258101463318,1.3077529668808,1.51219916343689,1.91725039482117,1.63719940185547,1.95,1.87334,3831.54723871872,8.25102397937497,12.1406483989202
"603","NP",2010,"Nepal",1023117,"Nepal",34.2529856199147,7.93,1956.46585811505,26875910,14.95,2.70000004768372,3,-0.648313820362091,-0.860619902610779,-1.59618902206421,-0.743306577205658,-1.00810098648071,-0.48132112622261,2.619,10.23117,3806.81807611352,8.2445489685618,13.8383644078955
"606","NR",2010,"Nauru",1445,"Nauru",NA,NA,NA,NA,NA,NA,NA,0.0588211268186569,-0.573661208152771,1.53999698162079,-1.0629346370697,0.416495084762573,1.07901108264923,NA,0.01445,NA,NA,7.27586460054653
"609","NU",2010,"Niue",6465,"Niue",NA,NA,NA,NA,NA,NA,NA,-0.438266515731812,-1.01061749458313,1.45078837871552,-0.984946191310883,-0.718072652816772,-0.304032176733017,NA,0.06465,NA,NA,8.77415829120596
"613","NZ",2010,"New Zealand",720365,"New Zealand",107.826313100142,80.46,31028.1453090779,4350700,NA,6.5,1,2.39629435539246,1.80788242816925,1.22333204746246,1.8123174905777,1.86865973472595,1.54586696624756,2.15,7.20365,16557.4505252028,9.71459146229505,13.4875133069838
"617","OM",2010,"Oman",21241,"Oman",164.342285911642,35.8278,45884.958399711,2943747,NA,8.19999980926514,NA,0.283654034137726,0.416436016559601,0.588020086288452,0.458539932966232,0.638705730438232,-0.997106909751892,2.901,0.21241,721.563368047594,6.58142020255905,9.96368855522688
"621","PA",2010,"Panama",143512,"Panama",180.699203507871,40.1,14852.1278018918,3620506,4.57,6.5,20.6,-0.351687997579575,0.132231697440147,-0.110249735414982,0.378491759300232,-0.102719336748123,0.523920059204102,2.549,1.43512,3963.86582427981,8.28497504630985,11.8741739343789
"625","PE",2010,"Peru",1292503,"Peru",99.4953290573742,34.77,9677.90028838178,29373644,4.74,4,9.3,-0.250428289175034,-0.20313672721386,-0.976885676383972,0.461371898651123,-0.600216567516327,0.0664036571979523,2.511,12.92503,4400.21333410318,8.38940830375444,14.0720912064452
"629","PF",2010,"French Polynesia",4215,"French Polynesia",80.5364370581762,49,NA,268065,NA,NA,NA,NA,NA,NA,NA,NA,NA,2.11,0.04215,1572.3798332494,7.36034556800718,8.34640487043596
"633","PG",2010,"Papua New Guinea",36289,"Papua New Guinea",27.8334058663541,1.28,2122.70744159319,6847517,NA,2.40000009536743,10.4,-1.13033998012543,-0.738041162490845,-0.84443724155426,-0.555176794528961,-0.946065008640289,0.00310762552544475,3.954,0.36289,529.958523651712,6.27279874622299,10.499269944027
"637","PH",2010,"Philippines",5179525,"Philippines",88.9836174315653,25,5524.15438862553,93038902,NA,7.30000019073486,9.5,-0.803674817085266,-0.0175709892064333,-1.63199365139008,-0.215503722429276,-0.583918809890747,-0.0584959611296654,3.151,51.79525,5567.05301616737,8.62462111143031,15.4602239111894
"641","PK",2010,"Pakistan",5353489,"Pakistan",57.2834198942732,8,4209.69801377075,170043918,8.3,5,7.6,-1.07111132144928,-0.75927060842514,-2.67337846755981,-0.583271741867065,-0.73929238319397,-0.842825055122375,3.43,53.53489,3148.29784150233,8.05461721799136,15.4932590558478
"645","PL",2010,"Poland",3357408,"Poland",122.915294566938,62.32,20757.4199292712,38042794,0,9.60000038146973,1.1,0.413181871175766,0.63716197013855,0.987791180610657,0.978766202926636,0.657837569713593,1.02556836605072,1.38,33.57408,8825.34547804244,9.08538302868878,15.0266798056638
"649","PR",2010,"Puerto Rico",1652586,"Puerto Rico",79.0902481648642,45.3,33756.7976588694,3721527,NA,16.2000007629395,26.5,0.497720897197723,0.33707669377327,0.406521677970886,0.824471294879913,0.770957410335541,0.824597895145416,1.664,16.52586,44406.1268398698,10.7011327307893,14.3178518917139
"653","PS",2010,"State of Palestine",3229370,"West Bank and Gaza",64.8806343573693,37.4,4078.49587460946,3811102,NA,23.7000007629395,NA,-0.337665677070618,-0.420526385307312,-1.94270193576813,0.293484002351761,-0.214055120944977,-0.760998785495758,4.216,32.2937,84735.8585521983,11.3472941505789,14.9877976297352
"657","PT",2010,"Portugal",1869415,"Portugal",115.303275078491,53.3,26924.4334357368,10573100,NA,10.8000001907349,1.2,1.03057110309601,1.02171838283539,0.701910436153412,0.728059232234955,1.04322326183319,1.09892678260803,1.39,18.69415,17680.859918094,9.7802379729101,14.4411361056633
"661","PW",2010,"Palau",5446,"Palau",70.8939912066439,NA,11867.7281802055,20470,NA,NA,NA,-0.437224924564362,-0.862638056278229,1.53999698162079,-0.890126764774323,0.743123173713684,1.20490109920502,NA,0.05446,26604.7874938935,10.1888464595486,8.60263667323371
"665","PY",2010,"Paraguay",714624,"Paraguay",91.6581072154664,19.8,7142.05701070245,6209877,6.07,5.69999980926514,11.4710836582571,-0.741850614547729,-0.936819791793823,-0.810061872005463,-0.335632234811783,-0.910301864147186,-0.116480089724064,2.968,7.14624,11507.860783716,9.35078562724999,13.47951180923
"669","QA",2010,"Qatar",19382,"Qatar",124.960322064247,69,124272.686337374,1765513,NA,0.400000005960464,NA,1.56869685649872,0.891175746917725,1.11870741844177,0.606260478496552,0.945621967315674,-0.894325852394104,2.085,0.19382,1097.81123106995,7.0010736865881,9.8721000792945
"672","RE",2010,"Réunion",2672,"Reunion",NA,NA,NA,NA,NA,NA,NA,0.852467060089111,0.99969094991684,0.426382064819336,1.1214771270752,0.894105017185211,1.24125409126282,NA,0.02672,NA,NA,7.89058253465654
"676","RO",2010,"Romania",3014573,"Romania",111.428889796828,39.93,16252.2312005374,20246871,0,7.30000019073486,1.8,-0.215422093868256,-0.250870943069458,0.246135622262955,0.641417443752289,0.0356661193072796,0.422722518444061,1.54,30.14573,14889.0808856341,9.60838339681747,14.9189687529063
"680","RS",2010,"Serbia",1230130,"Serbia",125.300783990167,40.9,11805.2835209324,7291436,0.1,19.2000007629395,1.3,-0.286680072546005,-0.0523623861372471,-0.44195744395256,-0.0206657275557518,-0.398415744304657,0.27490821480751,1.4,12.3013,16870.887984205,9.73334481103708,14.0226304128206
"684","RU",2010,"Russian Federation",10738481,"Russian Federation",165.501098738289,43,20497.9587888334,142849449,0.15,7.30000019073486,10.1,-1.05870342254639,-0.448402285575867,-0.912754714488983,-0.365237653255463,-0.76800936460495,-0.880358219146729,1.57,107.38481,7517.34156146448,8.92496783867976,16.1893442031503
"688","RW",2010,"Rwanda",322394,"Rwanda",32.7475201933572,8,1301.69694681068,10293669,60.25,0.600000023841858,NA,0.462566196918488,-0.0472604185342789,-0.198186665773392,-0.180061101913452,-0.302187561988831,-1.31068801879883,4.841,3.22394,3131.9639285079,8.04941553996516,12.6835296790196
"692","SA",2010,"Saudi Arabia",243026,"Saudi Arabia",189.168841868743,41,43351.7455769697,28090647,NA,5.40000009536743,NA,0.056692898273468,0.031361099332571,-0.22394897043705,0.183342501521111,0.259577184915543,-1.73613548278809,2.829,2.43026,865.149172249397,6.762901945531,12.4009237124838
"696","SB",2010,"Solomon Islands",3394,"Solomon Islands",21.9395304750526,5,1752.11987315471,526177,NA,3.70000004768372,NA,-0.42482191324234,-0.949764966964722,0.410882472991943,-1.21277356147766,-0.701532125473022,0.0744436085224152,4.236,0.03394,645.030094435903,6.46929697374748,8.12976444579417
"700","SC",2010,"Seychelles",8692,"Seychelles",128.921805104815,41,19951.6426803788,89770,NA,NA,NA,0.292838245630264,0.181528508663177,0.884740591049194,-0.569946825504303,0.0235371515154839,0.149889260530472,2.1,0.08692,9682.52200066838,9.17807768359581,9.07015834137632
"704","SD",2010,"Sudan",714914,"Sudan",41.5440290020599,16.7,3175.27393922098,36114885,NA,14.8000001907349,NA,-1.25667500495911,-1.36720144748688,-2.66002058982849,-1.33118283748627,-1.29618120193481,-1.72259080410004,4.637,7.14914,1979.5549674324,7.59062733450236,13.4799175347217
"708","SE",2010,"Sweden",308688,"Sweden",117.161149343279,90,41727.1761199766,9378126,NA,8.69999980926514,1,2.31896901130676,2.00733160972595,1.08893144130707,1.66951656341553,1.96253097057343,1.57802307605743,1.98,3.08688,3291.57445741292,8.099121287771,12.6400863370428
"712","SG",2010,"Singapore",290534,"Singapore",145.395650180184,71,70598.3197748094,5076700,NA,3.09999990463257,0.4,2.21291637420654,2.25543165206909,1.13912844657898,1.79964089393616,1.68347728252411,-0.198206543922424,1.15,2.90534,5722.89085429511,8.65222935081279,12.5794758880124
"716","SI",2010,"Slovenia",150692,"Slovenia",103.2965117864,70,27563.6947502611,2048583,0.01,7.19999980926514,0.7,0.853835344314575,1.0329178571701,0.830773591995239,0.752227246761322,0.982268810272217,1.03920316696167,1.57,1.50692,7355.91381945471,8.90325986997515,11.922993297605
"720","SK",2010,"Slovakia",314576,"Slovak Republic",109.047220019299,75.71,24432.2113392917,5391428,0.42,14.3999996185303,1.6,0.235290959477425,0.829949915409088,1.02315163612366,0.999880194664001,0.525151371955872,0.893781900405884,1.43,3.14576,5834.74359668719,8.67158560145648,12.6589809793473
"724","SL",2010,"Sierra Leone",313940,"Sierra Leone",34.7706596828638,0.58,1314.41682681939,5775902,NA,3.40000009536743,2.8,-0.773190319538116,-1.2099461555481,-0.240590780973434,-0.724848210811615,-0.955822288990021,-0.18426051735878,4.943,3.1394,5435.34152760902,8.60067763614757,12.6569571638292
"728","SM",2010,"San Marino",3014,"San Marino",99.1121480185347,NA,NA,30690,NA,NA,NA,NA,NA,1.53999698162079,NA,0.896289467811584,1.17792463302612,NA,0.03014,9820.78853046595,9.19225669654289,8.01102337918644
"732","SN",2010,"Senegal",494787,"Senegal",64.4274411523699,8,2136.53356158136,12956791,NA,10.1999998092651,NA,-0.693868577480316,-0.557570219039917,-0.427111685276031,-0.270205646753311,-0.402807235717773,-0.317027986049652,5.05,4.94787,3818.74647819819,8.24767750068005,13.1118826459136
"736","SO",2010,"Somalia",1602584,"Somalia",6.7267368487469,NA,NA,9581714,NA,6.90000009536743,NA,-1.7387512922287,-2.23866891860962,-3.10637283325195,-2.3811948299408,-2.44811964035034,-2.06550335884094,6.869,16.02584,16725.4418155249,9.72468630112135,14.2871278844999
"740","SR",2010,"Suriname",256321,"Suriname",99.2772782688205,31.59,14219.4998592171,518141,NA,7.59999990463257,NA,-0.430777788162231,-0.0887051820755005,0.0907746404409409,-0.685943424701691,-0.0955603867769241,0.330291837453842,2.345,2.56321,49469.3529367489,10.8091086242241,12.4541858442278
"744","SS",2010,"South Sudan",848722,"South Sudan",14.4493218933235,7,3717.13764552511,10056475,NA,NA,NA,-0.773424625396729,NA,NA,NA,NA,NA,5.194,8.48722,8439.55759846268,9.04068516897241,13.6514869676201
"748","ST",2010,"Sao Tome and Principe",33329,"Sao Tome and Principe",57.6396525798416,18.75,2803.53356208342,170880,33.89,NA,3.4,-0.434616535902023,-0.807516753673553,0.122013345360756,-0.858823716640472,-0.716466724872589,0.0763157680630684,4.287,0.33329,19504.3305243446,9.87839179806765,10.4141831678514
"752","SV",2010,"El Salvador",1464935,"El Salvador",123.835550348614,15.9,7301.8065683115,6038306,7.24,7,64.1,-0.233872339129448,0.00247544632293284,0.0557529740035534,0.375718712806702,-0.867440223693848,0.0543115846812725,2.263,14.64935,24260.6949697481,10.096612828821,14.1973214308483
"756","SX",2010,"Sint Maarten (Dutch part)",20280,"Sint Maarten (Dutch part)",NA,NA,NA,35474,NA,NA,NA,NA,NA,NA,NA,NA,NA,NA,0.2028,57168.6305463156,10.9537606099098,9.91739045770512
"760","SY",2010,"Syrian Arab Republic",651012,"Syrian Arab Republic",54.3175207395542,20.7,NA,20720602,NA,8.39999961853027,2.2,-1.08198809623718,-0.60292387008667,-0.810429096221924,-0.888219714164734,-0.504886388778687,-1.63951003551483,3.078,6.51012,3141.85852322244,8.05256979018322,13.3862833542005
"764","SZ",2010,"Swaziland",82837,"Swaziland",60.8308441199248,11.04,5743.11294844137,1193148,NA,22.7999992370605,NA,-0.167340666055679,-0.517714977264404,-0.0444697514176369,-0.602305293083191,-0.491431146860123,-1.25149524211884,3.559,0.82837,6942.72630050924,8.84544981505003,11.3246301004646
"768","TC",2010,"Turks and Caicos Islands",1616,"Turks and Caicos Islands",NA,NA,NA,30993,NA,NA,NA,NA,NA,NA,NA,NA,NA,NA,0.01616,5214.0805988449,8.55911805253371,7.38770923908104
"772","TD",2010,"Chad",335676,"Chad",24.5316758328647,1.7,1884.79581950981,11896380,NA,7,NA,-1.33537030220032,-1.44544756412506,-1.51228809356689,-1.05525934696198,-1.48022639751434,-1.37058401107788,6.596,3.35676,2821.66507794808,7.94508244285635,12.7239016880085
"776","TG",2010,"Togo",424320,"Togo",41.2666860555654,3,1204.60488886096,6390851,NA,7,NA,-0.964515328407288,-1.38447153568268,-0.202789634466171,-0.874251425266266,-0.913479924201965,-0.999072849750519,4.792,4.2432,6639.49136038377,8.80079063718453,12.9582431665396
"780","TH",2010,"Thailand",833989,"Thailand",108.017768536869,22.4,12507.7480394955,66692024,0.14,1,5.5,-0.315848231315613,0.194028109312057,-1.42896234989166,0.191187232732773,-0.19726674258709,-0.500862002372742,1.443,8.33989,1250.50785683158,7.13130503325002,13.6339754918055
"784","TJ",2010,"Tajikistan",606714,"Tajikistan",77.8889220153957,11.55,2080.04436834571,7581696,NA,11.6000003814697,2.4,-1.19805359840393,-0.895877838134766,-0.972875714302063,-1.01454770565033,-1.17573571205139,-1.40451920032501,3.78,6.06714,8002.35198034846,8.98749077499672,13.3158127893193
"788","TL",2010,"Timor-Leste",31858,"Timor-Leste",43.820464125249,0.21,1741.18032591857,1066409,NA,3.90000009536743,3.6,-0.968485832214355,-1.2133971452713,-0.489513605833054,-1.10121548175812,-1.21592199802399,0.024915624409914,5.6,0.31858,2987.40914602184,8.00216178440389,10.3690438068546
"792","TM",2010,"Turkmenistan",247242,"Turkmenistan",63.419816957375,3,9828.71810905663,5041995,NA,10.8999996185303,NA,-1.43584668636322,-1.57890224456787,0.256516814231873,-2.0776960849762,-1.4458065032959,-2.00031900405884,2.412,2.47242,4903.65420830445,8.49773596295712,12.4181228930464
"796","TN",2010,"Tunisia",589410,"Tunisia",104.537092861718,36.8,10200.3051600141,10547100,1.99,13,NA,-0.149034217000008,0.238128244876862,-0.0395656153559685,-0.0204580873250961,0.121902748942375,-1.37396574020386,2.13,5.8941,5588.36078163666,8.62844128193563,13.2868773155483
"800","TO",2010,"Tonga",56129,"Tonga",52.162385444485,16,4852.0213424881,103947,NA,NA,1,-0.313847839832306,-0.318398952484131,0.736607491970062,-0.602502882480621,0.0825170204043388,0.302963376045227,3.914,0.56129,53997.7103716317,10.8966969241221,10.9354078919928
"804","TR",2010,"Turkey",3009909,"Turkey",85.6275801231165,39.82,16154.6585833184,72310416,0.78,11.8999996185303,2.7,0.0299381185323,0.308000206947327,-0.920751512050629,0.308183312416077,0.117664903402328,-0.117239460349083,2.101,30.09909,4162.48331360727,8.33386712553767,14.9174204037099
"808","TT",2010,"Trinidad and Tobago",361291,"Trinidad and Tobago",142.62835113452,48.5,28727.8957575796,1328095,NA,5.90000009536743,35.6,-0.363742738962173,0.265231668949127,-0.035081010311842,0.49806073307991,-0.220116376876831,0.4847272336483,1.802,3.61291,27203.7015424348,10.2111083291441,12.7974390067784
"812","TV",2010,"Tuvalu",3847,"Tuvalu",16.2816729418948,25,3156.7480736888,9827,NA,NA,NA,-0.20564529299736,-0.495244234800339,1.48047387599945,-1.17910599708557,1.02310943603516,0.757040083408356,NA,0.03847,39147.2473796683,10.5750853893601,8.25504890275229
"816","TZ",2010,"United Republic of Tanzania",247241,"Tanzania",46.6584373449776,2.9,2099.54315810571,45648525,NA,3,NA,-0.539007186889648,-0.577815651893616,-0.0216979291290045,-0.409024447202683,-0.48976281285286,-0.131518363952637,5.428,2.47241,541.618814627636,6.29456245996742,12.418118848418
"820","UA",2010,"Ukraine",5504736,"Ukraine",117.10873476826,23.3,7685.56960182934,45870700,0,8.10000038146973,4.3,-0.975168526172638,-0.74673318862915,-0.0238847397267818,-0.515254259109497,-0.812991261482239,-0.100152283906937,1.445,55.04736,12000.5493702952,9.39270770858016,15.5211193705857
"824","UG",2010,"Uganda",650289,"Uganda",37.7443834538595,12.5,1522.07854475928,33149417,NA,4.19999980926514,9.3,-0.904388904571533,-0.520315945148468,-1.00575494766235,-0.154790908098221,-0.391353726387024,-0.501408457756042,6.155,6.50289,1961.69060831447,7.58156193570003,13.3851721584443
"828","US",2010,"United States of America",2734962,"United States",91.311652018589,71.69,48374.0564565966,309347057,NA,9.69999980926514,4.7,1.25966346263885,1.54940807819366,0.435301721096039,1.43649613857269,1.62983787059784,1.12187385559082,1.931,27.34962,884.107974558814,6.78457919834485,14.8216280997746
"832","UY",2010,"Uruguay",330201,"Uruguay",131.589017972219,46.4,16736.8559293613,3374414,0.23,7.19999980926514,6.1,1.24466526508331,0.636262834072113,0.824015021324158,0.38461497426033,0.696078777313232,1.13699352741241,2.08,3.30201,9785.43237433225,9.18865006631763,12.7074568389312
"836","UZ",2010,"Uzbekistan",1888212,"Uzbekistan",75.4503089206162,20,4100.48281878962,28562400,NA,11,NA,-1.24326694011688,-0.741283655166626,-0.726984322071075,-1.57979261875153,-1.37077069282532,-2.06362652778625,2.34,18.88212,6610.83102260314,8.79646464697109,14.4511409075193
"840","VC",2010,"Saint Vincent and the Grenadines",58360,"St. Vincent and the Grenadines",120.559661897618,38.5,9733.97966985663,109316,NA,NA,22.9,1.03872418403625,0.71533989906311,0.817845344543457,0.394980072975159,0.85851925611496,1.15540599822998,2.07,0.5836,53386.5124958835,10.8853134180624,10.9743860026367
"844","VE",2010,"Venezuela (Bolivarian Republic of)",593265,"Venezuela, RB",95.9951118473762,37.37,16228.3407426214,28995745,NA,8.60000038146973,45,-1.20723807811737,-1.10234177112579,-1.24283528327942,-1.60942888259888,-1.64485001564026,-0.901607871055603,2.472,5.93265,2046.04158299778,7.62366227035088,13.2933964584284
"848","VI",2010,"United States Virgin Islands",3823,"Virgin Islands (U.S.)",NA,31.22,NA,106267,NA,NA,52.6,0.852467060089111,1.25613069534302,0.467340707778931,0.628196716308594,0.894105017185211,0.806662201881409,1.81,0.03823,3597.54204033237,8.18800612467861,8.24879073369641
"852","VN",2010,"Viet Nam",2477456,"Vietnam",125.293051519518,30.65,4395.51014541744,86932500,4.78,2.59999990463257,NA,-0.627959370613098,-0.262549459934235,0.106580063700676,-0.612015426158905,-0.526891887187958,-1.47644877433777,1.82,24.77456,2849.86167428752,7.95502573674711,14.72274278519
"856","VU",2010,"Vanuatu",8390,"Vanuatu",71.91524297606,8,2888.79884648094,236299,15.36,NA,NA,0.348112732172012,-0.278034746646881,1.33378148078918,-0.785843312740326,0.236192598938942,0.60120415687561,3.499,0.0839,3550.58633341656,8.17486803317403,9.03479579946125
"860","WS",2010,"Samoa",119315,"Samoa",48.3795537254944,7,5295.66907683201,186029,NA,NA,NA,0.1296676248312,-0.0457809492945671,0.793396651744843,-0.275872439146042,0.650015115737915,0.446184039115906,4.338,1.19315,64137.8494750818,11.068789944077,11.6895223336273
"864","YE",2010,"Yemen",863110,"Yemen, Rep.",48.697430497762,12.35,4286.40402096912,23591972,NA,17.7999992370605,4.8,-1.1599907875061,-1.02191281318665,-2.42114996910095,-0.595724403858185,-1.06535708904266,-1.34238314628601,4.498,8.6311,3658.49026948659,8.20480584662028,13.6682974242836
"868","ZA",2010,"South Africa",768153,"South Africa",97.900286463095,24,11842.419486316,50791808,NA,24.7000007629395,31,0.092799074947834,0.392681032419205,-0.0189985223114491,0.355538100004196,0.107549779117107,0.583341658115387,2.467,7.68153,1512.35608702884,7.32142403630619,13.5517442110384
"872","ZM",2010,"Zambia",213222,"Zambia",41.2120540350163,10,3210.86431978952,13917439,64.43,13.1999998092651,NA,-0.565428972244263,-0.830014824867249,0.46161487698555,-0.478646665811539,-0.497806072235107,-0.255700439214706,5.813,2.13222,1532.04910759803,7.3343614043547,12.2700891554436
"876","ZW",2010,"Zimbabwe",604112,"Zimbabwe",58.8821056363328,11.5,1360.87602241438,13973897,NA,5.5,NA,-1.30605363845825,-1.49520027637482,-1.1209100484848,-2.05321025848389,-1.81321167945862,-1.47801566123962,3.721,6.04112,4323.14622041368,8.37173870792483,13.3115148901904
